-1.2 1
-0.989453145666895 1.08593749708962
-0.782291236170037 0.56653350542291
-0.786546431984986 0.589115119736166
-0.786460527746915 0.588927859279811
-0.761300009471715 0.600487347763043
-0.657609271610936 0.372852832555802
-0.657391574244282 0.372393712647089
-0.612267413363039 0.394200206330524
1.16997462603238 1.21755535449591
1.17945149351667 1.22193361660844
1.10085213108438 1.37845620638794
1.14627014023462 1.28020782433067
1.14635825786978 1.28001633078378
1.12330481995194 1.27446671167507
1.12322524807879 1.27442934166406
1.12737857284344 1.26669725518349
1.12741126987578 1.26662719193955
1.1235578646304 1.26491630637528
1.1234983567273 1.2648884055307
1.12453758591817 1.26271630242568
1.12456919670237 1.26264857737679
1.12267267246378 1.26178462434918
1.12261401288947 1.26175712466175
1.12312453075698 1.26067732503649
1.12315594678509 1.26061001684055
1.12221670814875 1.26017696596017
1.1221583666251 1.26014961689242
1.12241106325651 1.25961182823025
1.12244238613885 1.25954471742977
1.12150804335127 1.25911146664798
1.12145002242423 1.25908426765775
1.12195606138204 1.25801335215754
1.12198720928054 1.25794661463028
1.12105638859797 1.25751769174602
1.12099857036404 1.25749058943201
1.12124902351806 1.25695726372201
1.12128007837534 1.25689072302005
1.12035409692043 1.25646160579615
1.12029659373699 1.25643465103794
1.12079815320211 1.25537257442124
1.12082903369129 1.25530640550954
1.11990656350585 1.25488159762476
1.11984926449405 1.25485474038366
1.11997336889712 1.25459029861551
1.12000421374966 1.25452420387624
1.11954578814139 1.25431063721147
1.11948868181395 1.25428387023479
1.11973699096925 1.25375613903056
1.11976774043647 1.25369024826323
1.11885260480258 1.25326533087522
1.118795784959 1.25323869776201
1.11929294213825 1.25218794447505
1.11932351838475 1.25212242377485
1.11841177985715 1.25170176020012
1.1183551507558 1.25167521773632
1.11860121631676 1.25115187838023
1.11863170058915 1.2510865532058
1.1177247660436 1.25066575281946
1.11766845278866 1.25063935808226
1.1181611376933 1.24959728837065
1.11819144935616 1.2495323317382
1.11728790763967 1.24911576876743
1.11723178754982 1.24908946600584
1.11747560869118 1.24857049965074
1.11750582843754 1.24850573794593
1.11660702827461 1.2480890395394
1.11655121766509 1.2480628816268
1.11703942972821 1.2470294568114
1.11706947747578 1.24696506211141
1.11617406685622 1.24655258466177
1.11611845195312 1.24652652011643
1.11636002814649 1.24601190857806
1.11638998403723 1.2459477081796
1.11549925239654 1.24553509603892
1.11544394058557 1.24550917346059
1.11568581002883 1.2449967651957
1.11571569981704 1.24493270751704
1.11527275581573 1.2447263837316
1.1152175788883 1.24470052415212
1.11545812639896 1.24418919968404
1.11548791393257 1.24412536072601
1.1146036859721 1.24371488172097
1.11454878714031 1.24368915208611
1.11503036516382 1.24267105915773
1.11505998216564 1.24260758454796
1.11417904184917 1.24220126726261
1.114124328601 1.24217562587291
1.11436263344853 1.24166859752396
1.11439215953753 1.24160531607371
1.11351587533159 1.2411989089894
1.11346146647757 1.2411734099974
1.1139385813577 1.24016379841703
1.11396793751699 1.24010087974765
1.11309494338462 1.23969861944338
1.11304072348782 1.23967321051956
1.11327678523681 1.23917046263334
1.11330605049869 1.23910773649485
1.11243764633426 1.23870538423804
1.11238372392221 1.23868011460759
1.11262004954125 1.2381795340595
1.11264924836125 1.2381169515059
1.11221741703171 1.23791577570399
1.11216362556147 1.23789056717687
1.11239864567663 1.23739105208326
1.11242774399539 1.23732868460292
1.11156569737374 1.2369284650931
1.11151217811533 1.23690338373244
1.1119826529423 1.23590881844904
1.11201158280124 1.23584681097576
1.11115273664428 1.23545068254782
1.11109939799962 1.23542568705153
1.11133217876286 1.23493039570211
1.11136101862219 1.2348685795136
1.11050672915303 1.23447239699546
1.11045368777823 1.23444754055601
1.11091971086547 1.23346130499598
1.11094838285712 1.23339984722553
1.11009730114122 1.23300774199378
1.11004444441767 1.23298297358944
1.11027498548345 1.23249189287241
1.11030356745372 1.23243062575197
1.109456973907 1.23203846192355
1.10940440718637 1.23201382932415
1.10963519252474 1.23152486385833
1.10966370813566 1.23146374003447
1.10924272546065 1.23126767208043
1.10919028549508 1.23124309866462
1.10941977701767 1.23075519160867
1.10944819355762 1.2306942797377
1.10860780817718 1.23030424186313
1.10855563432354 1.23027979279056
1.10901502162581 1.22930832348334
1.10904327177507 1.22924776715532
1.10820601555864 1.22886175385525
1.10815401954929 1.22883738940508
1.10838127627936 1.22835363896359
1.10840943725694 1.22829327197266
1.10757662772506 1.22790723184866
1.10752492033111 1.22788300245254
1.10797986862764 1.22691972408505
1.10800786379393 1.22685971103541
1.10717819446454 1.22647768236232
1.10712666946426 1.22645354003195
1.10723918035043 1.22621373772249
1.10726713843495 1.22615380226427
1.10685487918905 1.22596180638978
1.1068035264574 1.2259377447246
1.10702859935789 1.22545920161586
1.10705646722686 1.22539945917416
1.10623349626576 1.22501753592431
1.10618240488677 1.22499359636719
1.10663292352451 1.22404077456125
1.10666062678142 1.2239813839065
1.10584072052925 1.22360342785052
1.10578980367507 1.22357957134535
1.10601264792854 1.22310512771581
1.10604026281067 1.22304592469446
1.10522472112706 1.22266796558836
1.10517408688357 1.22264424133159
1.10562018150493 1.22169949292427
1.10564763234386 1.22164064008035
1.10483516940701 1.22126663565056
1.1047847146435 1.22124299710476
1.10489502237639 1.22100782062364
1.10492243601892 1.22094904551488
1.10451872913432 1.22076109091914
1.10446844175996 1.22073753077908
1.10468910163201 1.22026821885087
1.10471642607411 1.22020963453016
1.1039105320041 1.219835765689
1.10386050113526 1.21981232541439
1.10430217243833 1.21887786991913
1.10432933403457 1.21881963357997
1.10352644929962 1.2184496768348
1.10347659090081 1.21842631869851
1.10369502892225 1.21796105262096
1.10372210288843 1.21790300217145
1.10292349511067 1.21753306137187
1.10287391251082 1.21750983233365
1.10309254391902 1.21704658678394
1.10311955160542 1.21698867954597
1.10272244428878 1.2168037541526
1.10267297987501 1.21678058025467
1.10289035295328 1.21631836115833
1.10291726532096 1.21626065793911
1.10212454214054 1.21589282336287
1.10207533071453 1.21586976765347
1.10251039739275 1.21494945241176
1.10253714837226 1.21489209414505
1.10174737845353 1.21452812518687
1.10169833586204 1.21450514984641
1.10191349361814 1.21404692956102
1.10194015768687 1.2139897557765
1.10115460763479 1.21362582260323
1.10110583716196 1.2136029746176
1.10153651049112 1.21269052710871
1.10156301371571 1.2126336966697
1.09999785717323 1.21191353808827
1.09994953862642 1.2118909002877
1.10038073809862 1.21098723718388
1.10040711949792 1.21093067438683
1.10001997843256 1.21075056866783
1.09997175415694 1.21072797477727
1.10018382195212 1.21027658373098
1.10021009441757 1.21022025375848
1.09943728175138 1.20986202929952
1.09938930432737 1.20983955087911
1.09981375932422 1.20894073356566
1.0998398723932 1.2088847439643
1.09906996928024 1.20853032657013
1.0990221616282 1.20850792922382
1.09912709096403 1.20828420612502
1.09915316662893 1.20822829480635
1.09877062615882 1.20805021060329
1.09872297640907 1.20802788722164
1.09893285976831 1.20758143860105
1.09895884894102 1.20752571228077
1.0981952101464 1.20717151052767
1.09814780505782 1.20714930149285
1.09856785411845 1.20626036954662
1.09859368507229 1.20620498131635
1.09783290132122 1.20585454828088
1.09778566108158 1.20583241782769
1.09799334333458 1.20538987362258
1.09801908875698 1.20533466667798
1.09726237615916 1.20498430085306
1.09721539677185 1.20496229255913
1.09742324015511 1.20452166525843
1.0974489200247 1.20446659967656
1.09707264848739 1.20429148252892
1.09702577954646 1.2042695258594
1.09723239125842 1.20382991007187
1.09725797880332 1.20377504192478
1.09650685802767 1.20342675268072
1.09646023012252 1.20340490869389
1.09687372277522 1.20252957006724
1.09689915352313 1.20247503691668
1.09615084828958 1.20213047405534
1.0961043838961 1.20210870807812
1.09620659294935 1.20189083241175
1.09623198630366 1.201836377806
1.09586019396196 1.20166326178588
1.0958138840906 1.2016415681375
1.09601831580009 1.20120679599748
1.09604362420173 1.20115252322556
1.09530143808161 1.20080821717131
1.09525536695956 1.20078663506645
1.09566447049398 1.19992097122593
1.09568962325726 1.19986703114214
1.09495020519367 1.1995264152017
1.09490429365764 1.19950490913394
1.09510654002489 1.19907396351063
1.09513160855327 1.19902020208433
1.09439616379213 1.1986796802594
1.09435050662974 1.1986582932959
1.09455289401918 1.19822922143039
1.09457789730836 1.1981756007281
1.09421220650884 1.19800541675302
1.09416665613876 1.19798407969112
1.09436783028853 1.19755600339448
1.09439274307609 1.19750257626388
1.09366274415148 1.19716411396914
1.09361742887906 1.19714288680717
1.09402001239982 1.19629053016008
1.09404477093965 1.19623743261787
1.09331750841535 1.19590262018296
1.09327235248437 1.19588146905899
1.09337185071889 1.19566932609745
1.09339657193888 1.19561630691185
1.09303524037503 1.19544810064756
1.09299023377292 1.19542701943494
1.09318923600908 1.19500368911409
1.09321387372278 1.1949508486393
1.09249257256931 1.19461632368168
1.09244779873859 1.19459535123413
1.09284601574474 1.19375246425835
1.09287050035706 1.19369995103824
1.09215189411151 1.19336904129415
1.09210727653294 1.19334814334751
1.09230410960218 1.19292856800983
1.09232851116604 1.19287623080885
1.09161377317192 1.19254543533765
1.09156940234292 1.19252465295988
1.0917663631766 1.19210689818999
1.09179070008712 1.19205470027869
1.09143530644943 1.19188938746266
1.09139103870745 1.19186865331844
1.09158680109714 1.19145188687619
1.09161104906536 1.19139987909519
1.09090161111348 1.19107112165086
1.0908575725091 1.19105049466421
1.09124931116987 1.1902206428885
1.09127340740802 1.19016895924378
1.08985987085925 1.18951859724845
1.08981624964435 1.18949816438828
1.09020833040994 1.18867623340751
1.09023230714654 1.1886248118401
1.08988270825372 1.18846225015041
1.08983916209748 1.18844185226731
1.09003187060534 1.18803144286856
1.09005574680101 1.18798023615062
1.08935788144102 1.18765696103292
1.0893145609531 1.18763666875247
1.08950737243112 1.18722806294624
1.0895311839888 1.18717699584306
1.08918419036302 1.18701545502793
1.08914097036057 1.18699520962962
1.08933260515913 1.18658756379764
1.08935632967353 1.18653668299951
1.08866365084552 1.18621543486634
1.08862065538667 1.18619529440345
1.08900409426205 1.1853836409993
1.08902766927012 1.18533307975232
1.08833757850051 1.18501534180835
1.08829473377292 1.18499527326108
1.08838947854263 1.18479327652663
1.08841301646306 1.18474279326603
1.08807016859186 1.18458318672756
1.08802746520239 1.18456318434528
1.08821694563652 1.18416010771675
1.088240402758 1.18410979739132
1.08755599990622 1.18379240144988
1.08751351869364 1.18377250289145
1.08789263676004 1.18296994975496
1.08791594547734 1.18291995664723
1.08723409947659 1.18260603910729
1.08719176732337 1.1825862116701
1.08728543924354 1.18238648426155
1.08730871096025 1.18233656895222
1.0869699616293 1.18217888557105
1.08692776886815 1.18215912339038
1.08711510085009 1.18176057619235
1.08713829238886 1.18171083248545
1.0864620720777 1.18139726682359
1.08642009912696 1.18137760736352
1.08679491022984 1.18058407208522
1.08681795445517 1.18053464326902
1.08614426175227 1.18022452475502
1.0861024364558 1.18020493576214
1.08619503849257 1.18000745831428
1.08621804581313 1.17995810704745
1.08588334822943 1.17980233533678
1.08584166017648 1.17978281060624
1.08602685002545 1.17938875355869
1.0860497777744 1.17933957257188
1.08538164730248 1.1790298144925
1.08534017670275 1.17901039139122
1.0856174086212 1.17880587801997
1.08425986953135 1.17696684548507
1.08423910006792 1.17693842829162
1.08465225335785 1.17667201844868
1.08222585053017 1.17291394807058
1.08220758156244 1.17288521660031
1.08277071803493 1.17255084488301
1.07831274995489 1.16505749992792
1.0782965236153 1.16502961450901
1.07911498929475 1.16457917743879
1.07106182206693 1.14999032875675
1.07104781704144 1.14996405628909
1.07208912757429 1.14941314888491
1.05778422704089 1.12247919915587
1.0463591392328 1.0997909945352
1.04210137537232 1.09126227737837
1.04119527857309 1.08944545135118
1.04118853771482 1.08943193446522
1.04328740134631 1.08838537607028
1.02649337032679 1.0549287562246
1.00645141540994 1.01282056180223
1.00014274818876 0.999986412968013
1.00119334022817 1.00233872324986
1.0003392391649 1.00065920100628
0.999995561409015 0.999990614759104
0.999995012974223 0.999989578223449
0.999995011091997 0.999989574665843
0.999994834344836 0.999989659166225
0 0
1.75 2.75
2.86032784475797 2.06729899029829
3.08690716062955 1.95060984742738
3.08693418757805 1.95059622747694
2.99775514436532 1.94879955492048
2.99697344875593 2.03629024857874
2.9988615982995 1.99374216120604
2.9988622701427 1.99373389558856
3.00213349291975 1.99740309772597
2.99983611952001 1.99942980807909
2.99983271495705 1.99943312676143
3.00020322001479 1.99978641558638
2.99984077914921 2.00015976181569
2.99996730026914 2.00003359859393
3.00000799079064 1.99999174383081
2.99999798642275 2.00000203661778
3.00000046133336 1.99999949060336
2.99999985090168 2.00000011858692
