-1 0.35322690848236 0.353263571613897
-0.98 0.354982871476245 0.355033822123112
-0.96 0.352332205997635 0.352360256703495
-0.94 0.344980431601482 0.344969915509011
-0.92 0.332683946184128 0.332634742246067
-0.9 0.315257465381858 0.315179551456332
-0.88 0.292580903608013 0.292489611917515
-0.86 0.264605531245691 0.264517630715963
-0.84 0.231359247270106 0.231289924084962
-0.82 0.192950815059312 0.19291156934163
-0.8 0.149572921382253 0.14957034717321
-0.78 0.101503934458263 0.101539304835233
-0.76 0.0491082564005391 0.0491777979877472
-0.74 -0.00716481196634147 -0.00706909886361149
-0.72 -0.0667837503325759 -0.06667288701115
-0.7 -0.129139070514501 -0.129025677642813
-0.68 -0.193549138743375 -0.193445958695581
-0.66 -0.259267535482717 -0.259186046221512
-0.64 -0.325491887433888 -0.325441131260813
-0.62 -0.391374074135431 -0.391359794426143
-0.6 -0.456031679963892 -0.456055824659297
-0.58 -0.518560532136483 -0.518621146844833
-0.56 -0.578048137230411 -0.578139635891623
-0.54 -0.633587803480466 -0.633701573060217
-0.52 -0.684293214366976 -0.684418484057172
-0.5 -0.729313201374527 -0.729438087879781
-0.48 -0.767846450827634 -0.767959080544466
-0.46 -0.799155871842153 -0.799245478491606
-0.44 -0.822582350015567 -0.822640252335929
-0.419999999999999 -0.837557614743921 -0.837577992352726
-0.399999999999999 -0.843615957101223 -0.843596362237315
-0.379999999999999 -0.840404550019739 -0.840346116813783
-0.359999999999999 -0.827692142903042 -0.827599482071859
-0.339999999999999 -0.805375928489577 -0.805256721774281
-0.319999999999999 -0.773486410333564 -0.773350743528605
-0.299999999999999 -0.732190134129285 -0.732049628314297
-0.279999999999999 -0.681790184608085 -0.681657000675588
-0.259999999999999 -0.622724391119166 -0.622610191815582
-0.239999999999999 -0.555561228416896 -0.555476184325151
-0.219999999999999 -0.480993443706497 -0.480945364882784
-0.199999999999999 -0.39982948569114 -0.399823149543686
-0.179999999999999 -0.31298285524077 -0.313019584699706
-0.159999999999999 -0.221459539393438 -0.22153706485361
-0.139999999999999 -0.126343729757102 -0.126456345342056
-0.119999999999999 -0.0287820621072316 -0.0289210633103225
-0.0999999999999994 0.0700333547509937 0.0698789872290665
-0.0799999999999994 0.168882826698658 0.168725551391944
-0.0599999999999994 0.266537564155751 0.266390280950554
-0.0399999999999994 0.361778445640169 0.361653454425544
-0.0199999999999994 0.453414719259862 0.453322717315078
6.17561557447743E-16 0.540302305868142 0.540251503228909
0.0200000000000006 0.621361374005526 0.621356797056619
0.0400000000000006 0.695592869921372 0.695635909154302
0.0600000000000006 0.762093705645576 0.762181944994204
0.0800000000000006 0.82007033384581 0.820197677663512
0.100000000000001 0.868850469500734 0.869007560653853
0.120000000000001 0.907892754559627 0.908067654942352
0.140000000000001 0.936794201949688 0.936973286590775
0.160000000000001 0.955295298649511 0.955464297940923
0.180000000000001 0.963282693117847 0.963427805753307
0.200000000000001 0.960789439152323 0.960898431988122
0.220000000000001 0.947992815233704 0.948056025951751
0.240000000000001 0.925209784571363 0.925220948792763
0.260000000000001 0.892890205416554 0.892847041420959
0.280000000000001 0.851607942814653 0.851512443513011
0.300000000000001 0.802050070961828 0.80190847315629
0.320000000000001 0.745004388944365 0.744826812833027
0.340000000000001 0.681345501209591 0.681145277024408
0.360000000000001 0.612019737109235 0.611812459106258
0.380000000000001 0.538029200868614 0.537831570040093
0.400000000000001 0.460415254109655 0.460243788502346
0.420000000000001 0.380241737481046 0.380111441643392
0.440000000000001 0.298578236059071 0.298501327950789
0.460000000000001 0.216483685155355 0.216468479231506
0.480000000000001 0.13499059931531 0.135040638219498
0.500000000000001 0.0550901880510838 0.0552037025895649
0.520000000000001 -0.0222814022255984 -0.0221116438519955
0.540000000000001 -0.0962555088774364 -0.0960419253283582
0.560000000000001 -0.166041856872154 -0.165801341698047
0.580000000000001 -0.230937800752139 -0.230690594415161
0.600000000000001 -0.290335796028295 -0.290103992846743
0.620000000000001 -0.343729028618702 -0.343534799414192
0.640000000000001 -0.390715168486364 -0.390578807044633
0.660000000000001 -0.430998250550231 -0.430936175284115
0.680000000000001 -0.464388721479114 -0.464411581548589
0.700000000000001 -0.490801724416385 -0.49091277090811
0.720000000000001 -0.510253724384846 -0.510447611178299
0.740000000000001 -0.522857604531942 -0.523119779718031
0.760000000000001 -0.528816387037168 -0.52912322410652
0.780000000000001 -0.528415752060734 -0.52873555080491
0.800000000000001 -0.522015543316878 -0.522310504097818
0.820000000000001 -0.510040459567558 -0.510269702237928
0.840000000000001 -0.492970137520412 -0.493093799023332
0.860000000000001 -0.471328833351088 -0.471313237312378
0.880000000000001 -0.445674907523395 -0.445498756546998
0.900000000000001 -0.416590311009723 -0.416251809555217
0.920000000000001 -0.384670260755843 -0.384195035087148
0.940000000000001 -0.350513278692697 -0.349962922053975
0.960000000000001 -0.314711752231401 -0.314192789623394
0.980000000000001 -0.277843155485142 -0.277516194497483
