100 0.0146175054150618
100.25 0.0149025593600868
100.5 0.0151960287818249
100.75 0.0154982480369555
101 0.0158095682441952
101.25 0.016130358302269
101.5 0.0164610059806986
101.75 0.0168019190894193
102 0.0171535267337987
102.25 0.0175162806622549
102.5 0.0178906567143596
102.75 0.0182771563780762
103 0.0186763084656271
103.25 0.0190886709184249
103.5 0.0195148327525455
103.75 0.0199554161573788
104 0.0204110787613888
104.25 0.0208825160803512
104.5 0.021370464165046
104.75 0.0218757024671797
105 0.0223990569443196
105.25 0.0229414034268754
105.5 0.023503671272689
105.75 0.0240868473376303
106 0.0246919802937871
106.25 0.025320185330431
106.5 0.0259726492769954
106.75 0.0266506361918782
107 0.0273554934660638
107.25 0.0280886584964234
107.5 0.0288516659902136
107.75 0.0296461559698585
108 0.0304738825557162
108.25 0.0313367236143537
108.5 0.0322366913710742
108.75 0.033175944098283
109 0.0341567990059977
109.25 0.0351817464777144
109.5 0.0362534658142995
109.75 0.0373748426710092
110 0.0385489883986572
110.25 0.03977926152996
110.5 0.0410692916869084
110.75 0.0424230062255014
111 0.0438446599813676
111.25 0.0453388685349285
111.5 0.0469106454793137
111.75 0.048565444250031
112 0.0503092051645945
112.25 0.0521484084255914
112.5 0.0540901339652373
112.75 0.0561421291573079
113 0.0583128855982813
113.25 0.0606117263695706
113.5 0.0630489054442531
113.75 0.0656357212038922
114 0.0683846463953032
114.25 0.071309477297728
114.5 0.0744255054057616
114.75 0.0777497155851286
115 0.0813010154556354
115.25 0.0851005017347401
115.5 0.089171770482692
115.75 0.0935412796858727
116 0.0982387744759477
116.25 0.10329778760885
116.5 0.108756230750133
116.75 0.114657095803361
117 0.12104929020239
117.25 0.127988636067541
117.5 0.13553907080207
117.75 0.143774096620611
118 0.152778539389618
118.25 0.162650694023922
118.5 0.173504955902745
118.75 0.185475067256053
119 0.198718146902763
119.25 0.213419724867852
119.5 0.229800075631523
119.75 0.248122242772928
120 0.268702284724958
120.25 0.291922462583802
120.5 0.318248360537421
120.75 0.348251313467017
121 0.382638068805916
121.25 0.422290413111968
121.5 0.468318674054352
121.75 0.522134759802845
122 0.585553020108926
122.25 0.660931168695189
122.5 0.751369496769604
122.75 0.860995661855653
123 0.995375841153834
123.25 1.16211245673853
123.5 1.37171412506519
123.75 1.63884856798005
124 1.98408443340346
124.25 2.43609044951882
124.5 3.03367274644273
124.75 3.82511897115413
125 4.85713268426473
125.25 6.13525287669968
125.5 7.53245595944851
125.75 8.68192279771497
126 9.06934325826927
126.25 8.47472339438087
126.5 7.22590282422798
126.75 5.83291906370741
127 4.60517195397464
127.25 3.62962910507915
127.5 2.88575298992049
127.75 2.32446541980425
128 1.8991925472976
128.25 1.57349146758078
128.5 1.32069724099419
128.75 1.12173148191344
129 0.962984084588819
129.25 0.834686045395394
129.5 0.72975207079791
129.75 0.642980029075784
130 0.570501173001172
130.25 0.509401523015569
130.5 0.457459087563641
130.75 0.412959601108572
131 0.374565841374182
131.25 0.341223851765817
131.5 0.312094856140184
131.75 0.286505260963311
132 0.263909535216574
132.25 0.243862361158914
132.5 0.22599753153204
132.75 0.210011807303993
133 0.195652459146133
133.25 0.182707570462432
133.5 0.170998429354168
133.75 0.160373514294415
134 0.150703705601268
134.25 0.141878447027171
134.5 0.133802649192931
134.75 0.12639417629066
135 0.119581794417038
135.25 0.113303487568467
135.5 0.107505068213792
135.75 0.102139025235674
136 0.0971635641828001
136.25 0.09254180413649
136.5 0.0882411027527908
136.75 0.0842324867014704
137 0.0804901691632792
137.25 0.0769911395488048
137.5 0.0737148133789156
137.75 0.0706427324795621
138 0.0677583074156535
138.25 0.0650465955143056
138.5 0.0624941089798036
138.75 0.0600886485376455
139 0.0578191588070495
139.25 0.0556756022248199
139.5 0.0536488488556014
139.75 0.0517305798457649
140 0.049913202627494
140.25 0.0481897762696555
140.5 0.046553945613613
140.75 0.0449998830340152
141 0.0435222368338097
141.25 0.0421160854250084
141.5 0.0407768965666934
141.75 0.039500491033196
142 0.0382830101713843
142.25 0.0371208868791183
142.5 0.0360108195992408
142.75 0.0349497489767184
143 0.0339348368721459
143.25 0.0329634474639694
143.5 0.0320331302054655
143.75 0.0311416044315515
144 0.0302867454356009
144.25 0.0294665718581627
144.5 0.0286792342483422
144.75 0.0279230046749907
145 0.0271962672791263
145.25 0.0264975096714722
145.5 0.025825315089886
145.75 0.0251783552409952
146 0.0245553837587232
146.25 0.0239552302197403
146.5 0.0233767946623517
146.75 0.0228190425610359
147 0.0222810002138893
147.25 0.0217617505046849
147.5 0.0212604290052017
147.75 0.0207762203869781
148 0.0203083551147526
148.25 0.0198561063966191
148.5 0.0194187873683829
148.75 0.0189957484918047
149 0.0185863751483726
149.25 0.0181900854119998
149.5 0.0178063279856128
149.75 0.0174345802879994
150 0.0170743466785477
150.25 0.0167251568086419
150.5 0.0163865640894964
150.75 0.0160581442671307
151 0.0157394940960111
151.25 0.0154302301036334
151.5 0.0151299874389928
151.75 0.0148384187984991
152 0.014555193423442
152.25 0.0142799961636155
152.5 0.0140125266021599
152.75 0.0137524982370931
153 0.0134996377153731
153.25 0.0132536841156781
153.5 0.013014388276394
153.75 0.0127815121655848
154 0.0125548282899759
154.25 0.0123341191402144
154.5 0.0121191766698862
154.75 0.0119098018059618
155 0.0117058039885248
155.25 0.0115070007377986
155.5 0.0113132172466372
155.75 0.0111242859967844
156 0.0109400463973289
156.25 0.0107603444439029
156.5 0.0105850323972742
156.75 0.0104139684800815
157 0.0102470165905523
157.25 0.0100840460321261
157.5 0.00992493125797986
157.75 0.00976955162952647
158 0.00961779118801857
158.25 0.00946953843845215
158.5 0.00932468614501874
158.75 0.00918313113740642
159 0.00904477412729732
159.25 0.00890951953445289
159.5 0.00877727532181885
159.75 0.00864795283911931
160 0.00852146667444448
