0.1 2.25271264138442
0.13125 1.9682271449643
0.1625 1.74344656233224
0.19375 1.55764382407381
0.225 1.39944703801219
0.25625 1.26193164950088
0.2875 1.14056149213167
0.31875 1.0321991106892
0.35 0.934581218103001
0.38125 0.846019322825805
0.4125 0.765218629320698
0.44375 0.691163206468952
0.475 0.623040286731552
0.50625 0.560188701157676
0.5375 0.502062759629774
0.56875 0.448206331593642
0.6 0.39823385013965
0.63125 0.351816128950122
0.6625 0.308669596439392
0.69375 0.26854800220746
0.725 0.231235942593136
0.75625 0.19654374518636
0.7875 0.164303382622934
0.81875 0.134365175796483
0.85 0.10659510950168
0.88125 0.0808726282307083
0.9125 0.0570888120850732
0.94375 0.0351448563185505
0.975 0.0149507954430194
1.00625 -0.00357557859724963
1.0375 -0.0205096136237685
1.06875 -0.0359206056441943
1.1 -0.0498724516096251
1.13125 -0.0624242325461067
1.1625 -0.073630714880107
1.19375 -0.0835427866748667
1.225 -0.0922078387655307
1.25625 -0.0996700990286353
1.2875 -0.105970926613066
1.31875 -0.111149071820306
1.35 -0.115240906395676
1.38125 -0.11828062823471
1.4125 -0.120300443886704
1.44375 -0.121330731723559
1.475 -0.121400188215944
1.50625 -0.120535959403712
1.5375 -0.118763759350546
1.56875 -0.116107977123335
1.6 -0.112591773626341
1.63125 -0.108237169442445
1.6625 -0.103065124682368
1.69375 -0.0970956117140326
1.725 -0.0903476815343266
1.75625 -0.082839524450726
1.7875 -0.0745885256594145
1.81875 -0.0656113162361923
1.85 -0.0559238199960952
1.88125 -0.0455412966249503
1.9125 -0.0344783814404173
1.94375 -0.0227491221003521
1.975 -0.0103670125412705
2.00625 0.00265497115338653
2.0375 0.0163043594989479
2.06875 0.0305691356246387
2.1 0.0454377281946998
2.13125 0.0608989834858922
2.1625 0.0769421435992674
2.19375 0.0935568261379364
2.225 0.11073300523116
2.25625 0.128460993796614
2.2875 0.146731426942688
2.31875 0.165535246421934
2.35 0.184863686054662
2.38125 0.204708258049216
2.4125 0.225060740151755
2.44375 0.245913163564407
2.475 0.267257801575839
2.50625 0.289087158853116
2.5375 0.31139396134799
2.56875 0.334171146774622
2.6 0.357411855619395
2.63125 0.381109422646421
2.6625 0.405257368865505
2.69375 0.429849393931841
2.725 0.454879368948996
2.75625 0.480341329649193
2.7875 0.506229469926611
2.81875 0.532538135701473
2.85 0.559261819094138
2.88125 0.586395152890099
2.9125 0.613932905278137
2.94375 0.641869974845055
2.975 0.670201385811815
3.00625 0.698922279049575
3.0375 0.728027925631829
3.06875 0.757513695767875
3.1 0.787375072924077
3.13125 0.817607645535582
3.1625 0.848207103423165
3.19375 0.879169234369975
3.225 0.910489920849363
3.25625 0.942165136895668
3.2875 0.974190945110227
3.31875 1.00656349379554
3.35 1.03927901421073
3.38125 1.07233381794209
3.4125 1.10572429438276
3.44375 1.13944690831595
3.475 1.17349819759649
3.50625 1.20787477092586
3.5375 1.2425733057159
3.56875 1.27759054603703
3.6 1.31292330064683
3.63125 1.34856844109498
3.6625 1.38452289990105
3.69375 1.42078366880176
3.725 1.4573477970642
3.75625 1.49421238986221
3.7875 1.53137460671285
3.81875 1.56883165997032
3.85 1.6065808133747
3.88125 1.64461938065292
3.9125 1.68294472416996
3.94375 1.72155425362765
3.975 1.76044542480941
4.00625 1.79961573392151
4.0375 1.8390627342985
4.06875 1.87878400832857
4.1 1.91877718441518
4.13125 1.95903993138662
4.1625 1.9995699574768
4.19375 2.04036500933985
4.225 2.0814228710971
4.25625 2.12274136341521
4.2875 2.16431834261411
4.31875 2.20615169980365
4.35 2.2482393600477
4.38125 2.29057928155474
4.4125 2.33316945489384
4.44375 2.37600790223503
4.475 2.41909267661325
4.50625 2.46242186121473
4.5375 2.50599356868525
4.56875 2.54980594045921
4.6 2.5938571461089
4.63125 2.63814538271306
4.6625 2.68266887424423
4.69375 2.72742587097403
4.725 2.77241464889573
4.75625 2.81763350916359
4.7875 2.86308077754834
4.81875 2.90875480390809
4.85 2.95465396167439
4.88125 3.00077664735257
4.9125 3.04712128003623
4.94375 3.09368630093503
4.975 3.1404701729157
5.00625 3.18747137560835
5.0375 3.23468842284727
5.06875 3.28211983530331
5.1 3.32976415812544
5.13125 3.37761995600448
5.1625 3.42568581278337
5.19375 3.47396033107771
5.225 3.52244213190624
5.25625 3.57112985433089
5.2875 3.62002215510617
5.31875 3.6691177083375
5.35 3.7184152051483
5.38125 3.76791335335551
5.4125 3.81761087715325
5.44375 3.86750651680445
5.475 3.91759902834007
5.50625 3.96788718326585
5.5375 4.01836976827622
5.56875 4.06904558497516
5.6 4.11991344960394
5.63125 4.17097219277532
5.6625 4.22222065921417
5.69375 4.27365770750434
5.725 4.32528220984143
5.75625 4.37709305179145
5.7875 4.4290891320551
5.81875 4.4812693622376
5.85 4.53363266662378
5.88125 4.58617798195843
5.9125 4.63890425723161
5.94375 4.69181045346886
5.975 4.74489554352626
6.00625 4.79815850744288
6.0375 4.85159835012007
6.06875 4.9052140741849
6.1 4.95900469785572
6.13125 5.01296925022308
6.1625 5.06710677107052
6.19375 5.12141631069933
6.225 5.17589692975711
6.25625 5.23054769907001
6.2875 5.28536769947856
6.31875 5.34035602167704
6.35 5.39551176605621
6.38125 5.45083404254941
6.4125 5.50632197048186
6.44375 5.56197467842312
6.475 5.61779130404263
6.50625 5.6737709939682
6.5375 5.72991290364748
6.56875 5.78621619721215
6.6 5.84268004734505
6.63125 5.89930363514983
6.6625 5.95608615002332
6.69375 6.01302678953047
6.725 6.07012475928174
6.75625 6.12737927281293
6.7875 6.18478955146745
6.81875 6.24235482428084
6.85 6.30007432786755
6.88125 6.35794730630998
6.9125 6.41597301104966
6.94375 6.47415070078042
6.975 6.53247964134383
7.00625 6.59095910117935
7.0375 6.64958836909876
7.06875 6.70836672724239
7.1 6.76729346903499
7.13125 6.82636789455462
7.1625 6.88558931043933
7.19375 6.94495702979549
7.225 7.00447037210788
7.25625 7.06412866315141
7.2875 7.12393123490442
7.31875 7.18387742546369
7.35 7.24396657896081
7.38125 7.30419804548025
7.4125 7.36457118097875
7.44375 7.42508534720626
7.475 7.48573991162823
7.50625 7.54653424734934
7.5375 7.60746773303852
7.56875 7.66853975285527
7.6 7.72974969637743
7.63125 7.79109695852999
7.6625 7.85258093951528
7.69375 7.9142010447444
7.725 7.97595668476964
7.75625 8.03784727521831
7.7875 8.09987223672751
7.81875 8.16203099488008
7.85 8.22432298014168
7.88125 8.28674762779884
7.9125 8.34930437789811
7.94375 8.41199267518622
7.975 8.47481196905126
8.00625 8.53776170901768
8.0375 8.60084136256457
8.06875 8.66405038812469
8.1 8.72738825308226
8.13125 8.79085442918286
8.1625 8.85444839248018
8.19375 8.91816962328354
8.225 8.98201760610638
8.25625 9.04599182961547
8.2875 9.11009178658103
8.31875 9.17431697382758
8.35 9.23866689218556
8.38125 9.30314104644379
8.4125 9.36773894530259
8.44375 9.43246010132773
8.475 9.49730403090498
8.50625 9.5622702541955
8.5375 9.62735829509182
8.56875 9.69256768117454
8.6 9.75789794366971
8.63125 9.82334861740686
8.6625 9.88891924077761
8.69375 9.95460935569502
8.725 10.0204185075534
8.75625 10.0863462451891
8.7875 10.1523921208411
8.81875 10.2185556901132
8.85 10.284836511936
8.88125 10.3512341485299
8.9125 10.4177481653684
8.94375 10.4843781311419
8.975 10.5511236177222
9.00625 10.6179841956806
9.0375 10.6849594521283
9.06875 10.7520489637375
9.1 10.8192523147606
9.13125 10.8865690924615
9.1625 10.9539988870827
9.19375 11.0215412918134
9.225 11.0891959027578
9.25625 11.156962318904
9.2875 11.224840142093
9.31875 11.2928289769889
9.35 11.3609284310483
9.38125 11.4291381144916
9.4125 11.4974576402734
9.44375 11.5658866240541
9.475 11.6344246841715
9.50625 11.7030714416131
9.5375 11.7718265199887
9.56875 11.840689545503
9.6 11.9096601469292
9.63125 11.9787379555823
9.6625 12.0479226052936
9.69375 12.1172137323846
9.725 12.1866109756419
9.75625 12.2561139762923
9.7875 12.3257223779779
9.81875 12.3954358267322
9.85 12.4652539709558
9.88125 12.5351764613932
9.9125 12.6052029511088
9.94375 12.6753330954645
9.975 12.7455665520965
