6.0 0.05
5.0 0.06
8.0 0.06
11.0 0.07
7.0 0.07
12.0 0.07
14.0 0.07
10.0 0.07
13.0 0.07
9.0 0.07
8.0 0.21
14.0 0.21
11.0 0.21
5.0 0.22
10.0 0.21
6.0 0.22
7.0 0.22
9.0 0.21
12.0 0.21
13.0 0.21
13.0 0.16
7.0 0.18
6.0 0.18
9.0 0.18
8.0 0.18
5.0 0.19
12.0 0.19
10.0 0.19
11.0 0.19
14.0 0.20
5.0 0.10
11.0 0.12
10.0 0.12
9.0 0.12
8.0 0.13
13.0 0.13
7.0 0.13
14.0 0.14
12.0 0.14
6.0 0.15
12.0 0.16
6.0 0.15
14.0 0.16
10.0 0.16
13.0 0.16
8.0 0.16
11.0 0.16
5.0 0.16
7.0 0.16
9.0 0.16
5.0 0.09
7.0 0.09
10.0 0.10
6.0 0.11
11.0 0.10
12.0 0.11
9.0 0.11
8.0 0.12
14.0 0.13
13.0 0.14
8.0 0.11
6.0 0.11
7.0 0.11
5.0 0.11
9.0 0.11
11.0 0.11
10.0 0.11
12.0 0.11
14.0 0.11
13.0 0.11
5.0 0.08
9.0 0.08
11.0 0.09
8.0 0.09
7.0 0.09
6.0 0.09
12.0 0.09
10.0 0.09
14.0 0.09
13.0 0.09
