0.3 0.226738119003864
0.6 0.313503746930942
0.9 0.300784887591268
1.2 0.222696118980341
1.5 0.107343364775294
1.8 -0.0227509713822013
2.1 -0.150175910901123
2.4 -0.262125916594743
2.7 -0.349873549233186
3 -0.40823258725557
3.3 -0.435022552157139
3.6 -0.430544597312291
3.9 -0.39707760292059
4.2 -0.338402160446374
4.5 -0.259358887997635
4.8 -0.165446286798766
5.1 -0.0624620844932194
5.4 0.0438091981664618
5.7 0.147860912935439
6 0.244680744366085
6.3 0.329919568121734
6.6 0.400014251286403
6.9 0.452266769450187
7.2 0.484882746055071
7.5 0.496973104684108
7.8 0.488523021281715
8.1 0.460332690363054
8.4 0.413934674958034
8.7 0.351492689086204
9 0.275686687815873
9.3 0.189589000310284
9.6 0.0965360636121225
