-3 -0.999977912775779
-2.95 -0.999969802731877
-2.9 -0.999958911940025
-2.85 -0.999944359951567
-2.8 -0.999925013039383
-2.75 -0.999899419685147
-2.7 -0.999865775078332
-2.65 -0.999821671270832
-2.6 -0.999764194738733
-2.55 -0.999689667379093
-2.5 -0.999593514086548
-2.45 -0.999470079149919
-2.4 -0.99931241918413
-2.35 -0.999112046622266
-2.3 -0.998858649047391
-2.25 -0.998539942696944
-2.2 -0.99814080833385
-2.15 -0.99763888024972
-2.1 -0.997020552346894
-2.05 -0.996258123032517
-2 -0.995322306584
-1.95 -0.994179391208968
-1.9 -0.992790508449051
-1.85 -0.991111097209872
-1.8 -0.989090590363185
-1.75 -0.986671786237745
-1.7 -0.983790613430742
-1.65 -0.980375788745359
-1.6 -0.976348401961105
-1.55 -0.971622759215785
-1.5 -0.966105353573463
-1.45 -0.959695037489476
-1.4 -0.952285144159144
-1.35 -0.943762227948118
-1.3 -0.934007971047277
-1.25 -0.922900161677515
-1.2 -0.910314022162098
-1.15 -0.896123901438216
-1.1 -0.880205176507727
-1.05 -0.862436124351837
-1 -0.842700817193259
-0.950000000000003 -0.820890808811512
-0.900000000000003 -0.796908213617646
-0.850000000000003 -0.770668058783388
-0.800000000000002 -0.742100965532588
-0.750000000000002 -0.711155640121224
-0.700000000000002 -0.677801193952878
-0.650000000000002 -0.642029327334907
-0.600000000000002 -0.603856090788997
-0.550000000000002 -0.563323366256123
-0.500000000000002 -0.520499877732926
-0.450000000000002 -0.475481719638428
-0.400000000000002 -0.428392354777366
-0.350000000000002 -0.379382053414898
-0.300000000000002 -0.328626759387013
-0.250000000000002 -0.276326390137869
-0.200000000000002 -0.222702589045062
-0.150000000000002 -0.167995971386943
-0.100000000000002 -0.112462915931308
-0.0500000000000023 -0.0563719777529813
-2.28983498828939E-15 -2.58380209687214E-15
0.0499999999999977 0.0563719777529761
0.0999999999999977 0.112462915931303
0.149999999999998 0.167995971386938
0.199999999999998 0.222702589045057
0.249999999999998 0.276326390137864
0.299999999999998 0.328626759387008
0.349999999999998 0.379382053414893
0.399999999999998 0.428392354777361
0.449999999999998 0.475481719638424
0.499999999999998 0.520499877732922
0.549999999999998 0.563323366256119
0.599999999999998 0.603856090788994
0.649999999999998 0.642029327334904
0.699999999999998 0.677801193952875
0.749999999999998 0.711155640121221
0.799999999999998 0.742100965532585
0.849999999999998 0.770668058783386
0.899999999999998 0.796908213617644
0.949999999999998 0.82089080881151
0.999999999999998 0.84270079419936
1.05 0.862436124351835
1.1 0.880205176507725
1.15 0.896123901438215
1.2 0.910314022162097
1.25 0.922900161677514
1.3 0.934007971047276
1.35 0.943762227948118
1.4 0.952285144159143
1.45 0.959695037489476
1.5 0.966105353573462
1.55 0.971622759215785
1.6 0.976348401961104
1.65 0.980375788745359
1.7 0.983790613430741
1.75 0.986671786237745
1.8 0.989090590363185
1.85 0.991111097209872
1.9 0.992790508449051
1.95 0.994179391208968
2 0.995322306583999
2.05 0.996258123032517
2.1 0.997020552346894
2.15 0.99763888024972
2.2 0.99814080833385
2.25 0.998539942696944
2.3 0.998858649047391
2.35 0.999112046622265
2.4 0.99931241918413
2.45 0.999470079149919
2.5 0.999593514086548
2.55 0.999689667379093
2.6 0.999764194738733
2.65 0.999821671270832
2.7 0.999865775078332
2.75 0.999899419685147
2.8 0.999925013039383
2.85 0.999944359951567
2.9 0.999958911940025
2.95 0.999969802731877
3 0.999977912775779
