 101.000    0.0157956
 101.097    0.0159184
 101.193    0.0160426
 101.290    0.0161683
 101.387    0.0162955
 101.483    0.0164241
 101.580    0.0165543
 101.677    0.0166861
 101.773    0.0168194
 101.870    0.0169543
 101.967    0.0170909
 102.063    0.0172291
 102.160     0.017369
 102.257    0.0175106
 102.353     0.017654
 102.450    0.0177991
 102.547     0.017946
 102.643    0.0180947
 102.740    0.0182453
 102.837    0.0183978
 102.933    0.0185522
 103.030    0.0187085
 103.127    0.0188669
 103.223    0.0190272
 103.320    0.0191896
 103.417    0.0193541
 103.513    0.0195207
 103.610    0.0196895
 103.707    0.0198604
 103.803    0.0200336
 103.900    0.0202091
 103.997    0.0203869
 104.093     0.020567
 104.190    0.0207495
 104.287    0.0209345
 104.383     0.021122
 104.480     0.021312
 104.577    0.0215045
 104.673    0.0216997
 104.770    0.0218975
 104.867    0.0220981
 104.963    0.0223014
 105.060    0.0225075
 105.157    0.0227166
 105.253    0.0229285
 105.350    0.0231434
 105.447    0.0233613
 105.543    0.0235824
 105.640    0.0238065
 105.737    0.0240339
 105.833    0.0242646
 105.930    0.0244986
 106.027     0.024736
 106.123    0.0249768
 106.220    0.0252212
 106.317    0.0254692
 106.413    0.0257209
 106.510    0.0259763
 106.607    0.0262355
 106.703    0.0264986
 106.800    0.0267657
 106.897    0.0270369
 106.993    0.0273122
 107.090    0.0275917
 107.187    0.0278755
 107.283    0.0281637
 107.380    0.0284564
 107.477    0.0287537
 107.573    0.0290557
 107.670    0.0293624
 107.767     0.029674
 107.863    0.0299906
 107.960    0.0303123
 108.057    0.0306392
 108.153    0.0309714
 108.250     0.031309
 108.347    0.0316522
 108.443     0.032001
 108.540    0.0323557
 108.637    0.0327162
 108.733    0.0330828
 108.830    0.0334556
 108.927    0.0338347
 109.023    0.0342203
 109.120    0.0346125
 109.217    0.0350115
 109.313    0.0354174
 109.410    0.0358304
 109.507    0.0362506
 109.603    0.0366783
 109.700    0.0371136
 109.797    0.0375567
 109.893    0.0380077
 109.990    0.0384669
 110.087    0.0389345
 110.183    0.0394106
 110.280    0.0398955
 110.377    0.0403894
 110.473    0.0408926
 110.570    0.0414051
 110.667    0.0419274
 110.763    0.0424595
 110.860    0.0430019
 110.957    0.0435547
 111.053    0.0441182
 111.150    0.0446926
 111.247    0.0452784
 111.343    0.0458757
 111.440     0.046485
 111.537    0.0471064
 111.633    0.0477403
 111.730    0.0483871
 111.827    0.0490471
 111.923    0.0497207
 112.020    0.0504082
 112.117      0.05111
 112.213    0.0518266
 112.310    0.0525583
 112.407    0.0533056
 112.503     0.054069
 112.600    0.0548488
 112.697    0.0556455
 112.793    0.0564597
 112.890    0.0572919
 112.987    0.0581426
 113.083    0.0590123
 113.180    0.0599016
 113.277    0.0608112
 113.373    0.0617416
 113.470    0.0626934
 113.567    0.0636674
 113.663    0.0646641
 113.760    0.0656845
 113.857    0.0667291
 113.953    0.0677987
 114.050    0.0688942
 114.147    0.0700165
 114.243    0.0711662
 114.340    0.0723445
 114.437    0.0735522
 114.533    0.0747903
 114.630    0.0760599
 114.727    0.0773619
 114.823    0.0786976
 114.920     0.080068
 115.017    0.0814745
 115.113    0.0829182
 115.210    0.0844006
 115.307    0.0859229
 115.403    0.0874866
 115.500    0.0890933
 115.597    0.0907444
 115.693    0.0924418
 115.790    0.0941871
 115.887     0.095982
 115.983    0.0978286
 116.080    0.0997288
 116.177     0.101685
 116.273     0.103698
 116.370     0.105772
 116.467     0.107909
 116.563     0.110111
 116.660      0.11238
 116.757      0.11472
 116.853     0.117134
 116.950     0.119624
 117.047     0.122194
 117.143     0.124847
 117.240     0.127588
 117.337     0.130419
 117.433     0.133345
 117.530      0.13637
 117.627     0.139499
 117.723     0.142736
 117.820     0.146086
 117.917     0.149555
 118.013     0.153148
 118.110     0.156872
 118.207     0.160732
 118.303     0.164736
 118.400      0.16889
 118.497     0.173202
 118.593     0.177681
 118.690     0.182334
 118.787     0.187171
 118.883     0.192201
 118.980     0.197436
 119.077     0.202886
 119.173     0.208563
 119.270     0.214479
 119.367     0.220649
 119.463     0.227086
 119.560     0.233807
 119.657     0.240828
 119.753     0.248167
 119.850     0.255843
 119.947     0.263878
 120.043     0.272292
 120.140     0.281112
 120.237     0.290362
 120.333      0.30007
 120.430     0.310268
 120.527     0.320989
 120.623     0.332267
 120.720     0.344143
 120.817     0.356658
 120.913     0.369858
 121.010     0.383793
 121.107     0.398519
 121.203     0.414095
 121.300     0.430586
 121.397     0.448065
 121.493      0.46661
 121.590     0.486309
 121.687     0.507256
 121.783     0.529557
 121.880     0.553328
 121.977       0.5787
 122.073     0.605813
 122.170     0.634828
 122.267     0.665922
 122.363     0.699291
 122.460     0.735155
 122.557     0.773761
 122.653     0.815385
 122.750     0.860339
 122.847      0.90897
 122.943     0.961675
 123.040       1.0189
 123.137      1.08114
 123.233      1.14898
 123.330      1.22306
 123.427      1.30413
 123.523      1.39301
 123.620      1.49069
 123.717      1.59823
 123.813       1.7169
 123.910      1.84812
 124.007       1.9935
 124.103      2.15487
 124.200       2.3343
 124.297       2.5341
 124.393      2.75684
 124.490      3.00531
 124.587      3.28247
 124.683      3.59135
 124.780      3.93484
 124.877      4.31544
 124.973       4.7347
 125.070      5.19262
 125.167      5.68669
 125.263      6.21073
 125.360      6.75366
 125.457       7.2983
 125.553       7.8209
 125.650      8.29182
 125.747      8.67807
 125.843      8.94781
 125.940      9.07611
 126.037      9.05031
 126.133      8.87299
 126.230      8.56137
 126.327      8.14333
 126.423       7.6517
 126.520      7.11876
 126.617      6.57238
 126.713      6.03413
 126.810      5.51907
 126.907      5.03652
 127.003      4.59129
 127.100      4.18495
 127.197      3.81689
 127.293      3.48518
 127.390      3.18716
 127.487      2.91985
 127.583      2.68024
 127.680      2.46541
 127.777      2.27263
 127.873      2.09944
 127.970      1.94359
 128.067       1.8031
 128.163      1.67622
 128.260      1.56139
 128.357      1.45725
 128.453       1.3626
 128.550      1.27641
 128.647      1.19775
 128.743      1.12582
 128.840       1.0599
 128.937     0.999383
 129.033     0.943713
 129.130     0.892406
 129.227     0.845036
 129.323     0.801224
 129.420     0.760633
 129.517     0.722966
 129.613     0.687955
 129.710     0.655365
 129.807     0.624982
 129.903     0.596616
 130.000     0.570097
 130.097     0.545272
 130.193     0.522001
 130.290     0.500162
 130.387      0.47964
 130.483     0.460335
 130.580     0.442152
 130.677     0.425009
 130.773     0.408829
 130.870     0.393543
 130.967     0.379085
 131.063       0.3654
 131.160     0.352432
 131.257     0.340135
 131.353     0.328462
 131.450     0.317372
 131.547     0.306829
 131.643     0.296797
 131.740     0.287244
 131.837     0.278139
 131.933     0.269457
 132.030     0.261171
 132.127     0.253258
 132.223     0.245696
 132.320     0.238465
 132.417     0.231545
 132.513      0.22492
 132.610     0.218573
 132.707     0.212489
 132.803     0.206654
 132.900     0.201053
 132.997     0.195676
 133.093      0.19051
 133.190     0.185545
 133.287      0.18077
 133.383     0.176176
 133.480     0.171754
 133.577     0.167495
 133.673     0.163391
 133.770     0.159436
 133.867     0.155622
 133.963     0.151942
 134.060     0.148391
 134.157     0.144962
 134.253     0.141649
 134.350     0.138449
 134.447     0.135355
 134.543     0.132364
 134.640     0.129469
 134.737     0.126669
 134.833     0.123958
 134.930     0.121332
 135.027     0.118789
 135.123     0.116325
 135.220     0.113936
 135.317      0.11162
 135.413     0.109373
 135.510     0.107193
 135.607     0.105078
 135.703     0.103024
 135.800      0.10103
 135.897    0.0990924
 135.993    0.0972102
 136.090    0.0953809
 136.187    0.0936027
 136.283    0.0918735
 136.380    0.0901916
 136.477    0.0885554
 136.573    0.0869631
 136.670    0.0854133
 136.767    0.0839044
 136.863    0.0824351
 136.960    0.0810038
 137.057    0.0796095
 137.153    0.0782507
 137.250    0.0769263
 137.347    0.0756351
 137.443    0.0743761
 137.540    0.0731482
 137.637    0.0719504
 137.733    0.0707817
 137.830    0.0696412
 137.927    0.0685279
 138.023    0.0674411
 138.120    0.0663798
 138.217    0.0653433
 138.313    0.0643309
 138.410    0.0633418
 138.507    0.0623752
 138.603    0.0614306
 138.700    0.0605072
 138.797    0.0596044
 138.893    0.0587216
 138.990    0.0578583
 139.087    0.0570138
 139.183    0.0561877
 139.280    0.0553793
 139.377    0.0545882
 139.473    0.0538139
 139.570     0.053056
 139.667    0.0523139
 139.763    0.0515872
 139.860    0.0508756
 139.957    0.0501785
 140.053    0.0494957
 140.150    0.0488267
 140.247    0.0481711
 140.343    0.0475286
 140.440    0.0468988
 140.537    0.0462815
 140.633    0.0456763
 140.730    0.0450828
 140.827    0.0445008
 140.923      0.04393
 141.020    0.0433701
 141.117    0.0428208
 141.213    0.0422819
 141.310     0.041753
 141.407     0.041234
 141.503    0.0407246
 141.600    0.0402246
 141.697    0.0397337
 141.793    0.0392517
 141.890    0.0387785
 141.987    0.0383137
 142.083    0.0378572
 142.180    0.0374088
 142.277    0.0369684
 142.373    0.0365356
 142.470    0.0361104
 142.567    0.0356926
 142.663    0.0352819
 142.760    0.0348784
 142.857    0.0344816
 142.953    0.0340916
 143.050    0.0337082
 143.147    0.0333312
 143.243    0.0329605
 143.340    0.0325959
 143.437    0.0322374
 143.533    0.0318847
 143.630    0.0315377
 143.727    0.0311964
 143.823    0.0308606
 143.920    0.0305302
 144.017     0.030205
 144.113     0.029885
 144.210    0.0295701
 144.307    0.0292601
 144.403     0.028955
 144.500    0.0286546
 144.597    0.0283588
 144.693    0.0280676
 144.790    0.0277809
 144.887    0.0274985
 144.983    0.0272204
 145.080    0.0269465
 145.177    0.0266767
 145.273    0.0264109
 145.370    0.0261491
 145.467    0.0258911
 145.563     0.025637
 145.660    0.0253865
 145.757    0.0251398
 145.853    0.0248966
 145.950    0.0246569
 146.047    0.0244206
 146.143    0.0241877
 146.240    0.0239581
 146.337    0.0237318
 146.433    0.0235087
 146.530    0.0232887
 146.627    0.0230718
 146.723    0.0228579
 146.820    0.0226469
 146.917    0.0224388
 147.013    0.0222336
 147.110    0.0220312
 147.207    0.0218316
 147.303    0.0216346
 147.400    0.0214403
 147.497    0.0212486
 147.593    0.0210595
 147.690    0.0208729
 147.787    0.0206887
 147.883     0.020507
 147.980    0.0203276
 148.077    0.0201506
 148.173    0.0199759
 148.270    0.0198035
 148.367    0.0196332
 148.463    0.0194652
 148.560    0.0192993
 148.657    0.0191355
 148.753    0.0189738
 148.850    0.0188141
 148.947    0.0186565
 149.043    0.0185008
 149.140     0.018347
 149.237    0.0181952
 149.333    0.0180452
 149.430    0.0178971
 149.527    0.0177507
 149.623    0.0176062
 149.720    0.0174635
 149.817    0.0173224
 149.913    0.0171831
 150.010    0.0170454
 150.107    0.0169094
 150.203     0.016775
 150.300    0.0166422
 150.397     0.016511
 150.493    0.0163813
 150.590    0.0162531
 150.687    0.0161264
 150.783    0.0160012
 150.880    0.0158775
 150.977    0.0157552
 151.073    0.0156343
 151.170    0.0155148
 151.267    0.0153966
 151.363    0.0152798
 151.460    0.0151643
 151.557    0.0150501
 151.653    0.0149372
 151.750    0.0148256
 151.847    0.0147152
 151.943     0.014606
 152.040    0.0144981
 152.137    0.0143913
 152.233    0.0142857
 152.330    0.0141813
 152.427     0.014078
 152.523    0.0139758
 152.620    0.0138748
 152.717    0.0137748
 152.813    0.0136759
 152.910    0.0135781
 153.007    0.0134813
 153.103    0.0133855
 153.200    0.0132908
 153.297    0.0131971
 153.393    0.0131043
 153.490    0.0130125
 153.587    0.0129217
 153.683    0.0128319
 153.780    0.0127429
 153.877    0.0126549
 153.973    0.0125678
 154.070    0.0124816
 154.167    0.0123963
 154.263    0.0123118
 154.360    0.0122282
 154.457    0.0121455
 154.553    0.0120636
 154.650    0.0119825
 154.747    0.0119022
 154.843    0.0118228
 154.940    0.0117441
 155.037    0.0116662
 155.133    0.0115891
 155.230    0.0115127
 155.327    0.0114371
 155.423    0.0113623
 155.520    0.0112881
 155.617    0.0112147
 155.713     0.011142
 155.810      0.01107
 155.907    0.0109987
 156.003    0.0109281
 156.100    0.0108582
 156.197    0.0107889
 156.293    0.0107203
 156.390    0.0106524
 156.487    0.0105851
 156.583    0.0105184
 156.680    0.0104524
 156.777    0.0103869
 156.873    0.0103221
 156.970    0.0102579
 157.067    0.0101943
 157.163    0.0101313
 157.260    0.0100689
 157.357     0.010007
 157.453    0.0099457
 157.550   0.00988497
 157.647   0.00982479
 157.743   0.00976516
 157.840   0.00970607
 157.937   0.00964751
 158.033   0.00958948
 158.130   0.00953198
 158.227   0.00947499
 158.323   0.00941851
 158.420   0.00936253
 158.517   0.00930705
 158.613   0.00925206
 158.710   0.00919756
 158.807   0.00914354
 158.903   0.00908999
 159.000   0.00903691
