0.001 0.000999
0.00540568210861939 0.00537648981442639
0.00959498666437587 0.00950321526701015
0.0138279374755149 0.0136377739962872
0.018136528549371 0.0178101562718587
0.022517462973772 0.0220155401713439
0.0269597877406324 0.0262419550625089
0.0314521730973816 0.0304774472087167
0.0359849403066968 0.0347119877773365
0.0405504050802212 0.0389377215081007
0.0451426754241228 0.0431486974421697
0.049757312118155 0.0473404847496678
0.05439099801525 0.0515098135606362
0.0590412613058356 0.0556542806649882
0.0637062590614459 0.0597721225196207
0.0683846138013353 0.0638620456578834
0.0730752924763121 0.0679231021683312
0.0777775177932134 0.0719545990774754
0.0824907035424709 0.0759560326316791
0.0872144074666795 0.0799270406173624
0.0919482968385652 0.0838673676556469
0.0966921232113557 0.0877768398029337
0.101445703784575 0.0916553458284887
0.106208907549805 0.0955028232959861
0.110981644903251 0.0993192481175
0.115763859786128 0.103104626633031
0.120555523680434 0.106858989540512
0.125356630976963 0.110582387193062
0.130167195366818 0.114274885915693
0.134987247003239 0.11793656508947
0.139816830248707 0.121567514819191
0.144656001871049 0.125167834049203
0.149504829587385 0.128737629026841
0.15436339088019 0.132277012038161
0.159231772028236 0.135786100359008
0.164110067308844 0.139265015377909
0.168998378337878 0.142713881857274
0.173896813521495 0.146132827306809
0.178805487599266 0.149521981448687
0.183724521262607 0.152881475758256
0.188654040835736 0.156211443067354
0.193594178008883 0.159512017219835
0.198545069615501 0.162783332770845
0.203506857446717 0.166025524722992
0.20847968809752 0.169238728293743
0.213463712840151 0.172423078709372
0.218459087520926 0.175578711021577
0.223465972477357 0.178705759943521
0.228484532472959 0.181804359702554
0.23351493664754 0.184874643907332
0.238557358481097 0.187916745427359
0.24361197576975 0.190930796283293
0.248678970612374 0.193916927546598
0.253758529406761 0.196875269247308
0.258850842854345 0.199805950288853
0.263956105972627 0.202709098369034
0.269074518114576 0.205584839906354
0.274206282994361 0.208433299971016
0.279351608718871 0.211254602219985
0.284510707824539 0.214048868835581
0.289683797319045 0.216816220467144
0.294871098727538 0.219556776175366
0.300072838143046 0.222270653378915
0.305289246280793 0.224957967803045
0.310520558536174 0.227618833429901
0.315767015046159 0.230253362450268
0.321028860753937 0.232861665216539
0.326306345476621 0.235443850196705
0.331599723975857 0.23800002392918
0.336909256031208 0.240530290978318
0.342235206516178 0.243034753890449
0.347577845476779 0.245513513150347
0.352937448212533 0.247966667137972
0.358314295359836 0.250394312085423
0.363708672977594 0.252796542033982
0.369120872635076 0.255173448791184
0.374551191501923 0.257525121887833
0.379999932440255 0.259851648534909
0.385467404098848 0.262153113580302
0.390953921009332 0.264429599465324
0.396459803684397 0.266681186180964
0.401985378717967 0.268907951223845
0.407530978887347 0.271109969551855
0.413096943257325 0.27328731353942
0.418683617286232 0.275440052932414
0.424291352933965 0.277568254802674
0.429920508771992 0.279671983502117
0.435571450095362 0.281751300616464
0.44124454903674 0.283806264918539
0.446940184682518 0.28583693232118
0.452658743191047 0.287843355829737
0.458400617913034 0.289825585494187
0.46416620951419 0.291783668360859
0.469955926100191 0.293717648423798
0.475770183344036 0.29562756657578
0.481609404615915 0.297513460558986
0.487474021115679 0.299375364915381
0.493364472008047 0.301213310936793
0.499281204560666 0.303027326614735
0.505224674285197 0.304817436589997
0.511195345081558 0.306583662102022
0.517193689385525 0.308326020938103
0.523220188319863 0.310044527382437
0.529275331849203 0.311739192165045
0.53535961893888 0.313410022410607
0.541473557717974 0.31505702158723
0.547617665646812 0.316680189455176
0.553792469689197 0.318279522015583
0.559998506489658 0.319855011459194
0.56623632255604 0.321406646115128
0.57250647444775 0.322934410399707
0.578809528970024 0.324438284765356
0.585146063374566 0.325918245649595
0.591516665566978 0.327374265424139
0.597921934321364 0.328806312344094
0.604362479502571 0.330214350497285
0.610838922296506 0.331598339753686
0.617351895449019 0.33295823571496
0.623902043513865 0.334293989664101
0.630490023110257 0.335605548515152
0.637116503190596 0.336892854762991
0.643782165318925 0.33815584643314
0.650487703960753 0.339394457031579
0.657233826784868 0.34060861549451
0.664021254977806 0.341798246138037
0.670850723571689 0.342963268607696
0.677722981786147 0.34410359782777
0.684638793385107 0.345219143950336
0.691598937049218 0.346309812303943
0.698604206764784 0.347375503341853
0.705655412230045 0.348416112589737
0.712753379279743 0.349431530592733
0.719898950328914 0.350421642861745
0.727092984836919 0.351386329818872
0.734336359792755 0.352325466741825
0.741629970222748 0.353238923707206
0.748974729721786 0.354126565532484
0.756371571009298 0.354988251716534
0.763821446511257 0.355823836378537
0.771325328969544 0.356633168195097
0.778884212080087 0.357416090335361
0.786499111161253 0.358172440393952
0.794171063854065 0.358902050321509
0.8019011308559 0.359604746352598
0.809690396689414 0.360280348930773
0.817539970508536 0.36092867263053
0.825450986943501 0.361549526075907
0.833424606986984 0.362142711855438
0.841462018923544 0.362708026433192
0.849564439304712 0.363245260055586
0.857733113972198 0.36375419665365
0.865969319131869 0.364234613740419
0.874274362481309 0.36468628230309
0.882649584393944 0.365108966689574
0.891096359162951 0.365502424489062
0.899616096308339 0.365866406406168
0.908210241950864 0.36620065612824
0.916880280256674 0.366504910185354
0.925627734956846 0.366778897802513
0.934454170946305 0.367022340743541
0.943361195966883 0.367234953146099
0.952350462379698 0.367416441347273
0.961423669032339 0.367566503699088
0.970582563226802 0.367684830373304
0.979828942794559 0.367771103154788
0.989164658285608 0.367824995222719
0.998591615278928 0.367846170918824
1.00811177682228 0.367834285501791
1.01772716600996 0.367788984886955
1.02743986870787 0.367709905370269
1.03725203643577 0.367596673335521
1.04716588941779 0.367448904943668
1.05718371981278 0.367266205803074
1.06730789513736 0.367048170619361
1.07754086189542 0.36679438282346
1.08788514942907 0.366504414176359
1.0983433740074 0.366177824348912
1.1089182431707 0.365814160474942
1.11961256034947 0.365412956675745
1.13042922977928 0.364973733553902
1.14137126173432 0.364495997654188
1.1524417781048 0.363979240889127
1.16364401834547 0.363422939926559
1.17498134582528 0.362826555536343
1.18645725461092 0.362189531893074
1.19807537672022 0.361511295831398
1.20983948988499 0.360791256050218
1.22175352586651 0.360028802261715
1.23382157937164 0.359223304280766
1.24604791762186 0.358374111049893
1.2584369906336 0.357480549594415
1.27099344227359 0.356541923902001
1.28372212216025 0.355557513720195
1.29662809848945 0.354526573264911
1.30971667187159 0.353448329832155
1.32299339027632 0.352321982304483
1.33646406519227 0.351146699542827
1.35013478912099 0.349921618653371
1.36401195453781 0.348645843118094
1.37810227446827 0.347318440776414
1.39241280484539 0.345938441644043
1.40695096883328 0.344504835553738
1.42172458332455 0.343016569600962
1.43674188784437 0.341472545375732
1.45201157612236 0.339871615959898
1.46754283062632 0.338212582666938
1.48334536038835 0.336494191498935
1.49942944249587 0.334715129292758
1.51580596766783 0.332874019524605
1.53248649038992 0.330969417738949
1.54948328414425 0.32899980656464
1.5668094023381 0.326963590277377
1.58447874561468 0.324859088864215
1.60250613631716 0.322684531542151
1.620907400976 0.320438049679431
1.63969946179966 0.318117669065281
1.65890043827025 0.315721301471693
1.67852976007721 0.313246735450256
1.69860829276352 0.310691626308817
1.7191584776039 0.308053485218106
1.74020448737893 0.30532966740935
1.76177239983887 0.302517359442964
1.7838903907497 0.29961356555947
1.80658894845005 0.296615093172439
1.82990111177725 0.293518537637379
1.8538627329717 0.290320266541509
1.87851276663547 0.287016403923519
1.90389358484194 0.283602815072909
1.93005131682778 0.280075092908307
1.95703620898938 0.276428547439699
1.98490299662823 0.272658200545442
2.01371127228479 0.268758789330066
2.04352582548662 0.264724782791139
2.07441691382577 0.260550418563288
2.10646040350858 0.25622976930062
2.13973768650612 0.251756851977827
2.17433523872792 0.247125798127038
2.2103436277569 0.242331108621505
2.24785571143013 0.237368022320445
2.28696369960144 0.232233031785843
2.32775470591734 0.226924577446832
2.37030444486249 0.221443937238367
2.4146689139059 0.215796292328684
2.46087434226088 0.209991881867314
2.50890644724512 0.204047060779152
2.55870101571797 0.197984968581301
2.61013862919977 0.191835462958467
2.66304632884162 0.185634047298812
2.7172076554373 0.179419764788319
2.7723800171165 0.173232373495294
2.82831586526882 0.167109386144463
2.88478304615153 0.161083598523456
2.94158045632063 0.155181526800283
2.99854711983636 0.149422857195152
3.05556487251991 0.143820743672284
3.11255616755745 0.138382657367417
3.16947893719736 0.133111488457536
3.22632022259422 0.128006672026051
3.28308978358726 0.123065199346027
3.33981438852414 0.118282452190081
3.3965330874264 0.113652849215119
3.45329351559786 0.109170321899464
3.51014913596672 0.104828649391444
3.56715727038605 0.100621683539005
3.62437776004697 0.0965434922538778
3.68187210954694 0.0925884443480664
3.73970299327453 0.0887512537781812
3.79793402845402 0.0850269966359888
3.85662974251063 0.081411110494013
3.91585568191863 0.0778993828477362
3.9756786252259 0.0744879332722711
4.03616687495003 0.0711731923815436
4.09739061215902 0.0679518796000594
4.15942230443992 0.0648209810118589
4.22233716320562 0.0617777280444641
4.28621365038033 0.0588195774067867
4.35113403783126 0.0559441924773442
4.41718502579415 0.0531494261956109
4.48445842923227 0.0504333054186951
4.55305194379329 0.0477940166494283
4.62307000598823 0.0452298930075664
4.69462476561297 0.0427394022941574
4.76783719248364 0.0403211359837567
4.84283834451849 0.0379737989652038
4.91977083038615 0.0356961998350618
4.99879050775982 0.0334872415247319
5.08006846820378 0.031345912008489
5.16379337259307 0.029271274789986
5.25017421770847 0.0272624587920554
5.3394436366064 0.0253186471687236
5.43186186441075 0.0234390644043245
5.52772153993169 0.0216229608399236
5.62735356566715 0.019869593437544
5.73113431945938 0.0181782011043961
5.83949460758155 0.0165479721681285
5.95293088117121 0.014978000485102
6.0720194184534 0.0134672249581002
6.19743441840582 0.0120143445789526
6.32997126646907 0.0106176969027307
6.47057659951155 0.00927508112805504
6.62038709013399 0.00798349613826131
6.78077862272473 0.00673874664983907
6.95342520524805 0.00553484454922994
7.14035766100357 0.00436309913189812
7.34398071202244 0.00321077415318212
7.566909672004 0.00205931268989266
7.81122971755738 0.000882810853831056
8 -5.37378559077421E-09
