-1 0.35322690848236 0.356721545873099 0.192497730304415 0.076700243649479 -10.1800432417355 -8.00790038780319
-0.995991983967936 0.353916198818154 0.356964022383861 0.151339841778785 0.0441413545260919 -10.357143813417 -8.23870418803169
-0.991983967935872 0.354439114925153 0.357074153211517 0.109479446859554 0.0106609689086764 -10.5305666762377 -8.46767991336395
-0.987975951903808 0.354792871123738 0.357048260426992 0.0669316132997553 -0.0237330166850491 -10.7001485156095 -8.69454293298744
-0.983967935871743 0.354974743436529 0.356882700043215 0.0237120624150278 -0.0590315601684902 -10.8657265397752 -8.91900630534572
-0.979959919839679 0.354982072203332 0.356573866624064 -0.0201628332699587 -0.0952244654307868 -11.0271386087784 -9.14078118198651
-0.975951903807615 0.354812264685615 0.356118197923932 -0.0646760528942549 -0.13230037551879 -11.1842233645383 -9.35957722063389
-0.971943887775551 0.354462797658412 0.355512179551271 -0.109809930656778 -0.170246767491847 -11.336820361932 -9.57510300671697
-0.967935871743487 0.353931219987576 0.354752349649366 -0.155546159739677 -0.209049948981693 -11.4847702007865 -9.78706648255429
-0.963927855711423 0.353215155190232 0.353835303587413 -0.20186579676239 -0.248695056486485 -11.6279146586778 -9.99517538336127
-0.959919839679359 0.352312303976314 0.352757698654931 -0.248749266769414 -0.289166055424584 -11.7660968244363 -10.1991376792182
-0.955911823647295 0.351220446769039 0.351516258752388 -0.296176368754389 -0.330445741970233 -11.8991612322523 -10.3986620221084
-0.95190380761523 0.349937446202155 0.350107779070864 -0.344126281722731 -0.372515746689587 -12.0269539962767 -10.5934581971105
-0.947895791583166 0.348461249591818 0.348529130753514 -0.392577571294527 -0.415356539991905 -12.1493229456065 -10.7832375768049
-0.943887775551102 0.346789891380908 0.346777265531523 -0.441508196849067 -0.458947439406837 -12.2661177595479 -10.9677135779332
-0.939879759519038 0.344921495553632 0.344849220327219 -0.490895519211879 -0.503266618694895 -12.3771901030439 -11.1466021193307
-0.935871743486974 0.342854278018225 0.342742121816997 -0.540716308884683 -0.548291118794223 -12.4823937621543 -11.3196220801358
-0.93186372745491 0.340586548955575 0.340453190946685 -0.590946754818302 -0.593996860602727 -12.5815847794743 -11.4864957572659
-0.927855711422846 0.338116715131606 0.33797974739201 -0.641562473727972 -0.640358659590627 -12.6746215893753 -11.6469493211388
-0.923847695390782 0.33544328217123 0.335319213956841 -0.69253851995019 -0.687350242234294 -12.7613651529525 -11.8007132686109
-0.919839679358717 0.332564856791719 0.332469120901941 -0.74384939583962 -0.734944264258178 -12.8416790925611 -11.9475228720972
-0.915831663326653 0.329480148993318 0.329427110197003 -0.795469062704224 -0.783112330667429 -12.9154298258222 -12.0871186238359
-0.911823647294589 0.326187974204963 0.326190939688852 -0.847370952276208 -0.831825017549673 -12.9824866989795 -12.2192466742626
-0.907815631262525 0.322687255382948 0.322758487178749 -0.899527978715972 -0.881051895620277 -13.0427221194863 -12.3436592634609
-0.903807615230461 0.318977025060424 0.31912775440189 -0.951912551145726 -0.930761555481279 -13.0960116877014 -12.4601151446632
-0.899799599198397 0.315056427345598 0.315296870902287 -1.00449658670897 -0.980921634560089 -13.1422343275734 -12.5683799987878
-0.895791583166333 0.310924719866554 0.31126409779637 -1.05725152415147 -1.03149884569002 -13.1812724161902 -12.6682268390082
-0.891783567134269 0.306581275660594 0.307027831418823 -1.1101483379191 -1.08245900729073 -13.2130119120722 -12.7594364043693
-0.887775551102204 0.302025585006056 0.30258660684432 -1.16315755276706 -1.13376707510267 -13.2373424820865 -12.841797541483
-0.88376753507014 0.297257257194556 0.297939101279044 -1.21624925887482 -1.18538717542596 -13.2541576268597 -12.9151075733602
-0.879759519038076 0.292276022241651 0.293084137316049 -1.26939312746057 -1.23728263981021 -13.2633548045651 -12.9791726544596
-0.875751503006012 0.287081732533924 0.288020686048781 -1.32255842688829 -1.28941604113825 -13.2648355529641 -13.0338081110642
-0.871743486973948 0.281674364410545 0.282747870037274 -1.37571403926025 -1.34174923104326 -13.2585056095774 -13.0788387661276
-0.867735470941884 0.276054019677358 0.277264966121816 -1.42882847748726 -1.39424337859545 -13.2442750298654 -13.114099247767
-0.86372745490982 0.270220927051613 0.271571408079124 -1.48186990282836 -1.44685901019099 -13.2220583032949 -13.1394342806187
-0.859719438877755 0.264175443535473 0.265666789116353 -1.53480614289127 -1.49955605057316 -13.1917744671721 -13.154698959309
-0.855711422845691 0.257918055716467 0.25955086419854 -1.58760471008441 -1.55229386491257 -13.1533472181215 -13.1597590033426
-0.851703406813627 0.25144938099309 0.253223552205399 -1.64023282051084 -1.6050313018706 -13.106705021091 -13.1544909927499
-0.847695390781563 0.244770168723818 0.246684937913672 -1.69265741329388 -1.65772673756778 -13.051781215764 -13.1387825838881
-0.843687374749499 0.237881301297814 0.239935273801577 -1.74484517032391 -1.7103381203763 -12.9885141202628 -13.1125327048404
-0.839679358717435 0.230783795125657 0.232974981672216 -1.79676253641513 -1.76282301645412 -12.9168471320249 -13.0756517299084
-0.835671342685371 0.223478801548494 0.22580465409313 -1.84837573986079 -1.81513865593557 -12.836728825739 -13.0280616327521
-0.831663326653307 0.21596760766401 0.21842505564956 -1.89965081337491 -1.86724197969252 -12.7481130482257 -12.9696961177858
-0.827655310621243 0.208251637067724 0.210837124009277 -1.95055361540793 -1.91908968657784 -12.6509590101519 -12.9005007294992
-0.823647294589178 0.20033245050812 0.203041970797257 -2.00104985182342 -1.97063828106247 -12.5452313744677 -12.8204329394311
-0.819639278557114 0.192211746454187 0.195040882278776 -2.05110509792252 -2.02184412117586 -12.4309003414584 -12.7294622105891
-0.81563126252505 0.183891361574028 0.186835319849906 -2.1006848208023 -2.07266346665917 -12.3079417303034 -12.6275700391674
-0.811623246492986 0.17537327112319 0.178426920334742 -2.14975440203384 -2.12305252724004 -12.1763370570382 -12.5147499734824
-0.807615230460922 0.166659589241505 0.169817496089044 -2.19827916064538 -2.17296751093758 -12.0360736088179 -12.391007610109
-0.803607214428858 0.15775256915721 0.161009034910371 -2.24622437639555 -2.2223646723062 -11.8871445143794 -12.2563605672674
-0.799599198396794 0.148654603297243 0.152003699755124 -2.29355531332126 -2.2712003605274 -11.7295488106074 -12.1108384355751
-0.795591182364729 0.139368223302628 0.14280382826329 -2.34023724354441 -2.31943106725912 -11.5632915051069 -11.9544827063457
-0.791583166332665 0.129896099947957 0.133411932092048 -2.38623547132116 -2.36701347415312 -11.3883836346897 -11.7873466776827
-0.787575150300601 0.120241042964016 0.12383069605973 -2.4315153573174 -2.41390449995191 -11.2048423196855 -11.6094953386802
-0.783567134268537 0.110406000762699 0.114062977102005 -2.47604234309328 -2.46006134707843 -11.0126908139903 -11.4210052321116
-0.779559118236473 0.100394060063384 0.104111803042501 -2.51978197577972 -2.50544154763289 -10.8119585507667 -11.2219642960473
-0.775551102204409 0.0902084454200653 0.0939803711803823 -2.56269993292919 -2.55000300871354 -10.6026811837166 -11.0124716849092
-0.771543086172345 0.0798525186485534 0.0836720466977846 -2.60476204752295 -2.59370405697982 -10.3849006238467 -10.7926375705314
-0.767535070140281 0.069329778153163 0.0731903608902846 -2.64593433311646 -2.63650348237921 -10.1586650716529 -10.5625829238559
-0.763527054108216 0.0586438581523785 0.0625390092239174 -2.68618300910447 -2.67836058096147 -9.9240290446519 -10.3224392779533
-0.759519038076152 0.0477985278030405 0.0517218492225439 -2.72547452608707 -2.71923519670681 -9.68105340019185 -10.0723484731128
-0.755511022044088 0.0367976902226988 0.0407428981896665 -2.76377559131757 -2.75908776229781 -9.42980535347742 -9.81246238480512
-0.751503006012024 0.0256453814098368 0.029606330769058 -2.80105319421291 -2.79787933876809 -9.17035849074913 -9.5429426353683
-0.74749498997996 0.0143457690617551 0.0183164763488358 -2.8372746319071 -2.83557165396432 -8.90279277755914 -9.26396029032285
-0.743486973947896 0.00290315128998787 0.00687781631385825 -2.87240753482795 -2.87212713976176 -8.6271945620907 -8.97569554026458
-0.739478957915832 -0.00867804476681009 -0.00470501884844781 -2.90641989227704 -2.90750896797769 -8.34365657347161 -8.67833736933058
-0.735470941883767 -0.0203932644324745 -0.016427252583504 -2.93928007799283 -2.94168108493077 -8.05227791503646 -8.37208321127319
-0.731462925851703 -0.0322378270853278 -0.0282839654407186 -2.97095687567661 -2.9746082445989 -7.75316405249647 -8.05713859421494
-0.727454909819639 -0.0442069278523798 -0.040270098374641 -3.0014195044607 -3.00625604033244 -7.44642679697942 -7.73371677519081
-0.723446893787575 -0.0562956394054532 -0.0523804561702614 -3.03063764429843 -3.03659093508409 -7.13218428290706 -7.40203836561455
-0.719438877755511 -0.0684989138588806 -0.0646097109864441 -3.05858146125494 -3.06558029012139 -6.81056094068125 -7.06233094883194
-0.715430861723447 -0.0808115847683369 -0.076952406011348 -3.08522163267818 -3.09319239219245 -6.48168746415428 -6.71482869094592
-0.711422845691383 -0.0932283692302768 -0.0894029592235885 -3.11052937222896 -3.11939647912039 -6.14570077286394 -6.35977194611678
-0.707414829659319 -0.105743870081381 -0.101955667252798 -3.13447645474916 -3.14416276380687 -5.8027439690174 -5.99740685755423
-0.703406813627254 -0.118352578197313 -0.11460470933318 -3.15703524094697 -3.16746245662962 -5.45296628921325 -5.62798495542744
-0.69939879759519 -0.131048874890013 -0.127344151343597 -3.1781787018781 -3.18926778622447 -5.09652305089538 -5.25176275292448
-0.695390781563126 -0.143827034402666 -0.140167949927705 -3.19788044320176 -3.20955201864656 -4.73357559353676 -4.86900134169278
-0.691382765531062 -0.156681226501407 -0.153069956687643 -3.21611472919044 -3.22828947491098 -4.36429121455627 -4.4799659878882
-0.687374749498998 -0.169605519162728 -0.166043922444777 -3.23285650647219 -3.24545554691759 -3.98884309997591 -4.08492573005188
-0.683366733466934 -0.182593881355467 -0.179083501561053 -3.24808142748454 -3.26102671176984 -3.60741024983106 -3.68415298002057
-0.67935871743487 -0.195640185916194 -0.192182256314548 -3.26176587361892 -3.27498054450199 -3.22017739835063 -3.27792312805863
-0.675350701402806 -0.208738212516704 -0.205333661322865 -3.27388697803476 -3.28729572923427 -2.82733492892904 -2.86651415337733
-0.671342685370741 -0.221881650722253 -0.218531108008139 -3.28442264812238 -3.29795206877956 -2.4290787839166 -2.45020624118047
-0.667334669338677 -0.235064103139082 -0.231767909097478 -3.29335158759397 -3.30693049273017 -2.02561036926003 -2.02928140734406
-0.663326653306613 -0.24827908864971 -0.24503730315283 -3.30065331818212 -3.31421306405744 -1.61713645402907 -1.60402313180204
-0.659318637274549 -0.261520045734371 -0.258332459124385 -3.30630820092551 -3.3197829842611 -1.2038690648705 -1.17471600167035
-0.655310621242485 -0.2747803358769 -0.27164648092177 -3.31029745702142 -3.32362459710943 -0.786025375435567 -0.741645365097674
-0.651302605210421 -0.2880532470533 -0.28497241199749 -3.31260318822508 -3.32572339101515 -0.3638275908313 -0.305096996782973
-0.647294589178357 -0.301331997301124 -0.298303239937237 -3.31320839677609 -3.32606600009558 0.0624971728482408 0.134643223951591
-0.643286573146293 -0.314609738367749 -0.311631901051899 -3.31209700483214 -3.32464020396899 0.492717013850896 0.57728962169954
-0.639278557114228 -0.327879559435508 -0.324951284966307 -3.30925387339085 -3.32143492634259 0.926595374889955 1.02255701934674
-0.635270541082164 -0.341134490921618 -0.338254239200004 -3.30466482068055 -3.31644023245013 1.3638911779926 1.47016101757421
-0.6312625250501 -0.354367508350716 -0.351533573735534 -3.29831664000125 -3.30964732540014 1.80435896399853 1.91981825884073
-0.627254509018036 -0.367571536297765 -0.364782065570024 -3.29019711699729 -3.3010485414983 2.24774903662937 2.37124667526695
-0.623246492985972 -0.380739452399027 -0.377992463246064 -3.28029504634358 -3.29063734460934 2.69380761104479 2.82416571991358
-0.619238476953908 -0.393864091428708 -0.391157491358182 -3.26860024782753 -3.27840831962593 3.14227696679688 3.27829658101922
-0.615230460921844 -0.406938249438815 -0.404269855031464 -3.25510358180931 -3.26435716511383 3.5928956050894 3.73336237883816
-0.61122244488978 -0.419954687959708 -0.417322244369168 -3.23979696404335 -3.24848068520329 4.04539841024408 4.18908834479578
-0.607214428857715 -0.432906138258751 -0.430307338866437 -3.22267337984439 -3.23077678079829 4.49951681527214 4.64520198275679
-0.603206412825651 -0.445785305654393 -0.443217811787545 -3.2037268975819 -3.21124444017545 4.95497897144387 5.10143321228137
-0.599198396793587 -0.458584873882965 -0.456046334504348 -3.182952681487 -3.18988372904496 5.41150992174588 5.55751449382423
-0.595190380761523 -0.47129750951541 -0.468785580793948 -3.16034700375661 -3.16669578014583 5.86883177811042 6.01318093591209
-0.591182364729459 -0.483915866421086 -0.481428231093844 -3.13590725593987 -3.14168278244751 6.32666390229765 6.46817038441616
-0.587174348697395 -0.496432590275742 -0.493966976713128 -3.10963195959244 -3.11484797002934 6.78472309030709 6.92222349411659
-0.583166332665331 -0.508840323110717 -0.506394523998586 -3.08152077618486 -3.08619561070806 7.24272376019101 7.37508378283604
-0.579158316633267 -0.521131707900323 -0.518703598454826 -3.05157451625157 -3.05573099448285 7.70037814313814 7.82649766849852
-0.575150300601202 -0.53329939318436 -0.53088694881784 -3.01979514776763 -3.02346042186528 8.15739647769242 8.27621448954809
-0.571142284569138 -0.545336037722633 -0.542937351081681 -2.98618580374112 -2.98939119215987 8.61348720696781 8.72398650923789
-0.567134268537074 -0.557234315178317 -0.55484761247816 -2.95075078900917 -2.95353159175897 9.06835717871644 9.16956890437512
-0.56312625250501 -0.568986918826933 -0.566610575409773 -2.91349558622673 -2.91589088251263 9.52171184810401 9.61271973917949
-0.559118236472946 -0.5805865662877 -0.578219121336259 -2.87442686103745 -2.87647929023203 9.97325548304272 10.0531999249827
-0.555110220440882 -0.592026004273954 -0.589666174615434 -2.83355246641663 -2.83530799338141 10.4226913719288 10.4907731665636
-0.551102204408818 -0.603298013359302 -0.600944706299175 -2.79088144617709 -2.79238911201045 10.8697220336285 10.9252058959767
-0.547094188376753 -0.614395412756128 -0.612047737885603 -2.74642403762912 -2.74773569697546 11.3140494295541 11.3562671947935
-0.543086172344689 -0.625311065103058 -0.62296834502872 -2.70019167338648 -2.70136171949376 11.7553751776661 11.7837287057305
-0.539078156312625 -0.636037881257939 -0.633699661206917 -2.65219698231118 -2.65328206107189 12.193400768239 12.2073645346927
-0.535070140280561 -0.646568825092861 -0.644234881351918 -2.60245378959013 -2.60351250384377 12.6278277812214 12.6269511443065
-0.531062124248497 -0.656896918287746 -0.654567265439886 -2.55097711593772 -2.55206972135084 13.0583581050206 13.0422672400635
-0.527054108216433 -0.667015245118975 -0.664690142046499 -2.49778317591897 -2.49897126979141 13.4846941565404 13.4530936502304
-0.523046092184369 -0.676916957239522 -0.674596911867932 -2.4428893753885 -2.44423557976179 13.9065391022956 13.8592132007196
-0.519038076152305 -0.686595278447046 -0.684281051209759 -2.38631430804143 -2.38788194850706 14.3235970804282 14.2604105861386
-0.51503006012024 -0.696043509436379 -0.693736115445838 -2.32807775107294 -2.32993053269424 14.7355734234449 14.6564722382631
-0.511022044088176 -0.705255032532821 -0.702955742449283 -2.26820065994391 -2.27040234171569 15.1421748814967 15.0471861931945
-0.507014028056112 -0.714223316402657 -0.711933655997679 -2.20670516225092 -2.20931923152542 15.5431098460179 15.4323419584743
-0.503006012024048 -0.722941920737324 -0.720663669154646 -2.14361455069945 -2.14670389900602 15.9380885735405 15.811730381437
-0.498997995991984 -0.731404500907595 -0.72913968762988 -2.07895327517999 -2.08257987685856 16.3268234094996 16.1851435200783
-0.49498997995992 -0.739604812584228 -0.737355713119743 -2.01274693394747 -2.01697152900292 16.7090290118441 16.5523745177155
-0.490981963927856 -0.74753671632145 -0.745305846630406 -1.94502226390518 -1.94990404647071 17.084422574264 16.9132174827018
-0.486973947895792 -0.755194182099715 -0.752984291785491 -1.87580712999503 -1.88140344376821 17.4527240488484 17.2674673744398
-0.482965931863727 -0.762571293824154 -0.760385358120021 -1.80513051369686 -1.81149655568133 17.8136563679842 17.6149198969169
-0.478957915831663 -0.769662253775142 -0.7675034643624 -1.73302250064025 -1.74021103449035 18.1669456653076 17.9553714009554
-0.474949899799599 -0.776461387007449 -0.774333141705994 -1.65951426733292 -1.66757534755701 18.5123214955178 18.2886187963345
-0.470941883767535 -0.782963145694432 -0.780869037071713 -1.58463806701074 -1.59361877524207 18.849517052865 18.6144594749031
-0.466933867735471 -0.789162113413764 -0.787105916362835 -1.508427214615 -1.51837140910735 19.1782693881218 18.9326912457519
-0.462925851703407 -0.79505300937121 -0.793038667713105 -1.43091607090339 -1.44186415035161 19.49831962385 19.2431122834662
-0.458917835671343 -0.800630692559003 -0.798662304728954 -1.35214002570197 -1.36412870842607 19.8094131677739 19.5455210904202
-0.454909819639279 -0.805890165845376 -0.803971969726422 -1.27213548030598 -1.28519759977139 20.1112999240707 19.8397164740133
-0.450901803607214 -0.810826579991872 -0.808962936963165 -1.19093982903837 -1.20510414661449 20.4037345023925 20.1254975396822
-0.44689378757515 -0.815435237595066 -0.813630615865651 -1.10859143997528 -1.12388247576055 20.686476424432 20.402663700449
-0.442885771543086 -0.819711596949379 -0.817970554251394 -1.02512963484903 -1.0415675173124 20.9592903278467 20.6710147036942
-0.438877755511022 -0.823651275827717 -0.821978441545787 -0.940594668139174 -0.958195003247085 21.2219461673584 20.9303506757572
-0.434869739478958 -0.827250055176698 -0.825650111992831 -0.855027705363688 -0.873801465777017 21.4742194128446 21.1804721848912
-0.430861723446894 -0.830503882723283 -0.828981547858734 -0.768470800582403 -0.788424235421318 21.7158912442403 21.4211803230054
-0.42685370741483 -0.833408876489691 -0.831968882627072 -0.680966873126042 -0.702101438711276 21.946748743073 21.6522768065428
-0.422845691382766 -0.835961328213507 -0.834608404183895 -0.592559683564581 -0.614871995452695 22.1665850804516 21.8735640967469
-0.418837675350701 -0.838157706669979 -0.836896557990841 -0.503293808929572 -0.526775615467076 22.3751997013356 22.084845539477
-0.414829659318637 -0.839994660893527 -0.838829950244011 -0.413214617205635 -0.437852794733124 22.5723985049114 22.2859255246349
-0.410821643286573 -0.841469023295581 -0.84040535101605 -0.322368241107106 -0.348144810850004 22.757994020906 22.4766096651685
-0.406813627254509 -0.842577812675911 -0.841619697378547 -0.230801551156412 -0.257693717744127 22.9318055816698 22.6567049955183
-0.402805611222445 -0.84331823712468 -0.842470096501588 -0.13856212808152 -0.166542339541967 23.093659489866 22.8260201892737
-0.398797595190381 -0.843687696812534 -0.842953828726936 -0.0456982345503275 -0.0747342635325432 23.2433891816019 22.9843657957084
-0.394789579158317 -0.843683786666107 -0.843068350611066 0.0477412137393489 0.0176861678552508 23.3808353848469 23.1315544947599
-0.390781563126252 -0.843304298926385 -0.842811297933943 0.141706677595054 0.110673866133388 23.5058462729805 23.2674013699277
-0.386773547094188 -0.842547225587488 -0.842180488669174 0.236148024470351 0.2041830069641 23.6182776133191 23.3917241984591
-0.382765531062124 -0.841410760713452 -0.841173925910848 0.331014559190507 0.298167041565797 23.7179929104742 23.5043437581036
-0.37875751503006 -0.839893302630738 -0.839789800752176 0.426255055242108 0.392578709380313 23.8048635443973 23.6050841496189
-0.374749498997996 -0.83799345599423 -0.838026495110711 0.521817786605133 0.487370052062836 23.8787689029727 23.6937731341224
-0.370741482965932 -0.835710033724597 -0.835882584494759 0.617650560105273 0.582492428852055 23.939596509021 23.7702424842951
-0.366733466933868 -0.833042058814994 -0.833356840705329 0.713700748263867 0.677896533373903 23.9872421415828 23.8343283483602
-0.362725450901804 -0.829988766005125 -0.830448234467773 0.809915322622278 0.773532411927823 24.0216099513544 23.8858716256775
-0.35871743486974 -0.826549603320843 -0.827155937987098 0.906240887517012 0.869349483299642 24.0426125701542 23.9247183527204
-0.354709418837675 -0.82272423347751 -0.823479327420731 1.00262371428141 0.965296560140091 24.0501712143003 23.9507200981292
-0.350701402805611 -0.818512535145461 -0.819417985262412 1.09900977584928 1.06132187194261 24.0442157817874 23.9637343654696
-0.346693386773547 -0.813914604076016 -0.814971702630739 1.19534478173544 1.15737308964847 24.0246849431546 23.9636250022632
-0.342685370741483 -0.808930754086578 -0.810140481455789 1.29157421336763 1.25339735190142 23.9915262259396 23.950262613801
-0.338677354709419 -0.803561517903449 -0.804924536557185 1.38764335974386 1.34934129296785 23.944696092624 23.9235249802047
-0.334669338677355 -0.797807647861138 -0.799324297606897 1.48349735338903 1.44515107233253 23.8841600119742 23.8832974751519
-0.330661322645291 -0.791670116456986 -0.793340410970061 1.57908120658406 1.54077240597315 23.8098925236928 23.8294734846515
-0.326653306613226 -0.785150116760088 -0.786973741417086 1.67433984784063 1.63615059931073 23.7218772962971 23.7619548242201
-0.322645290581162 -0.778249062673578 -0.78022537370036 1.76921815859414 1.73123058182604 23.6201071781502 23.6806521527904
-0.318637274549098 -0.770968589049454 -0.773096613988888 1.86366101008744 1.82595694332568 23.5045842415726 23.5854853816666
-0.314629258517034 -0.763310551655238 -0.765588991154318 1.95761330041735 1.92027397183445 23.3753198199704 23.4763840768328
-0.31062124248497 -0.755277026991878 -0.757704257901876 2.05101999171586 2.01412569308402 23.2323345379219 23.3532878529184
-0.306613226452906 -0.746870311962392 -0.749444391739897 2.14382614743779 2.10745591156113 23.0756583341682 23.2161467571327
-0.302605210420842 -0.738092923390911 -0.740811595781777 2.23597696972621 2.20020825307168 22.9053304774622 23.0649216414944
-0.298597194388778 -0.728947597391848 -0.73180829937437 2.32741783682708 2.29232620877043 22.7213995752348 22.8995845217004
-0.294589178356713 -0.71943728858905 -0.722437158547078 2.41809434052416 2.38375318059972 22.5239235750432 22.7201189210105
-0.290581162324649 -0.709565169184932 -0.712701056276093 2.50795232356515 2.4744325280736 22.3129697587742 22.5265201975577
-0.286573146292585 -0.69933462787966 -0.702603102558558 2.59693791705009 2.56430761633818 22.0886147295783 22.3187958535394
-0.282565130260521 -0.688749268640615 -0.692146634291653 2.68499757775282 2.65332186543234 21.8509443915202 22.0969658247937
-0.278557114228457 -0.677812909322447 -0.68133521495199 2.77207812534618 2.74141880066729 21.600053921936 21.8610627493224
-0.274549098196393 -0.666529580138178 -0.670172634070979 2.8581267795019 2.82854210403801 21.3360477364928 21.6111322133871
-0.270541082164329 -0.654903521981902 -0.658662906502218 2.94309119683576 2.91463566657382 21.0590394469551 21.3472329738764
-0.266533066132265 -0.64293918460377 -0.646810271477354 3.02691950766885 2.99964364153058 20.7691518116666 21.0694371557157
-0.2625250501002 -0.630641224638058 -0.634619191447223 3.1095603525759 3.08351049832224 20.466516678764 20.7778304231789
-0.258517034068136 -0.618014503485209 -0.622094350705527 3.19096291869137 3.16618107708486 20.1512749221448 20.4725121240449
-0.254509018036072 -0.605064085048915 -0.609240653792739 3.27107697574445 3.24760064376244 19.8235763702177 20.15359540564
-0.250501002004008 -0.591795233329337 -0.596063223678363 3.34985291179416 3.32771494560001 19.4835797274716 19.8212073019027
-0.246492985971944 -0.57821340987377 -0.582567399720165 3.42724176863564 3.4064702669263 19.1314524889038 19.4754887907127
-0.24248496993988 -0.564324271086091 -0.568758735399437 3.50319527684935 3.48381348510555 18.7673708473562 19.1165948208325
-0.238476953907816 -0.550133665396496 -0.554642995831876 3.57766589046472 3.55969212653545 18.3915195938132 18.7446943079204
-0.234468937875752 -0.535647630293128 -0.540226155054137 3.65060682121013 3.63405442256637 18.0040920107224 18.3599700991893
-0.230460921843687 -0.520872389217298 -0.525514393086634 3.72197207232154 3.70684936521561 17.6052897584053 17.9626189064005
-0.226452905811623 -0.505814348324141 -0.510514092773652 3.79171647188206 3.77802676254923 17.1953227546302 17.5528512070022
-0.222444889779559 -0.490480093110624 -0.495231836402372 3.85979570566527 3.84753729360378 16.7744090474274 17.1308911133418
-0.218436873747495 -0.474876384912958 -0.47967440210291 3.92616634945545 3.91533256271978 16.3427746812332 16.6969762100034
-0.214428857715431 -0.459010157275571 -0.463848760031966 3.990785900818 3.9813651531597 15.9006535564516 16.2513573594441
-0.210420841683367 -0.442888512193875 -0.447762068343229 4.05361281029405 4.04558867988393 15.4482872825347 15.7942984762238
-0.206412825651303 -0.426518716233219 -0.431421668948142 4.1146065119933 4.10795784135948 14.9859250246827 15.326076270246
-0.202404809619238 -0.409908196526457 -0.414835083071169 4.17372745355991 4.16842847027842 14.5138233442741 14.8469799595476
-0.198396793587174 -0.393064536652724 -0.398010006604162 4.23093712548643 4.22695758306526 14.0322460331417 14.3573109532945
-0.19438877755511 -0.375995472400062 -0.380954305264933 4.28619808975132 4.28350342805531 13.5414639418137 13.8573825057544
-0.190380761523046 -0.358708887414661 -0.363676009565576 4.33947400775626 4.3380255322294 13.0417548018487 13.3475193421378
-0.186372745490982 -0.341212808739572 -0.346183309596554 4.39072966753973 4.39048474639434 12.5334030423942 12.8280572573019
-0.182364729458918 -0.32351540224584 -0.328484549633002 4.43993101024397 4.44084328870236 12.0166996011072 12.299342688425
-0.178356713426854 -0.305624967959076 -0.310588222570096 4.48704515581306 4.48906478640765 11.4919417295797 11.7617322628591
-0.17434869739479 -0.287549935284628 -0.292502964194761 4.53204042790042 4.53511431576317 10.9594327934155 11.2155923224663
-0.170340681362725 -0.269298858134528 -0.27423754730135 4.57488637796453 4.57895843996615 10.4194820671128 10.6612984258387
-0.166332665330661 -0.250880409959528 -0.255800875659294 4.61555380853231 4.6205652450666 9.87240452390854 10.0992348298893
-0.162324649298597 -0.232303378689594 -0.237201977841041 4.6540147956105 4.65990437375932 9.31852062074779 9.52979395237977
-0.158316633266533 -0.213576661586327 -0.218450000918931 4.69024271022561 4.69694705698626 8.75815607854505 8.95337581702862
-0.154308617234469 -0.194709260010811 -0.199554204039896 4.72421223907403 4.7316661432828 8.19164165790854 8.37038748291099
-0.150300601202405 -0.17571027411052 -0.18052395188717 4.75589940426443 4.76403612580846 7.6193129305035 7.7812424599202
-0.146292585170341 -0.156588897428945 -0.161368708038384 4.78528158213539 4.79403316700994 7.04151004623438 7.18636011211668
-0.142284569138277 -0.137354411441672 -0.142098028229634 4.81233752113172 4.82163512087164 6.45857749642966 6.58616505083476
-0.138276553106212 -0.118016180022733 -0.122721553535269 4.83704735872404 4.84682155271631 5.8708638732172 5.98108651945552
-0.134268537074148 -0.0985836438450797 -0.103249003473272 4.85939263735653 4.86957375652644 5.27872162528143 5.37155777178396
-0.130260521042084 -0.0790663147191142 -0.0836901690462238 4.87935631940887 4.88987476976469 4.6825068101974 4.7580154459897
-0.12625250501002 -0.0594737698732445 -0.0640549057279113 4.89692280115898 4.90770938567934 4.08257884353981 4.14089893608366
-0.122244488977956 -0.0398156461805051 -0.044353126405654 4.91207792573406 4.92306416308904 3.47930024496853 3.52064976290757
-0.118236472945892 -0.0201016343353149 -0.0245947942884706 4.92480899503824 4.93592743364883 2.87303638149492 2.89771094660899
-0.114228456913828 -0.000341472984497789 -0.00478991579115394 4.93510478064593 4.94628930660725 2.26415520813613 2.27252638256202
-0.110220440881764 0.0194550571832663 0.0150514665957223 4.94295553365074 4.95414167107221 1.65302700616711 1.64554022267263
-0.106212424849699 0.0392781393853585 0.0349192814399264 4.94835299346102 4.95947819581123 1.04002411918262 1.01719626397809
-0.102204408817635 0.0591179267262637 0.0548034354960028 4.95129039553333 4.96229432661885 0.425520687183419 0.387937346412144
-0.0981963927855711 0.0789645482074694 0.0746938208183474 4.95176247803661 4.96258728129171 -0.190107621096743 -0.241795238438613
-0.094188376753507 0.0988081147619203 0.0945803218494254 4.94976548744037 4.96035604225893 -0.806483877405187 -0.871562325815518
-0.0901803607214429 0.118638725308704 0.114452822473843 4.94529718302107 4.95560134692234 -1.42323016450555 -1.50092744179588
-0.0861723446893787 0.138446472823622 0.134301213029216 4.93835684028196 4.94832567576797 -2.0399678478129 -2.1294573511876
-0.0821643286573146 0.158221450421285 0.154115397265034 4.92894525328241 4.93853323831641 -2.65631784790614 -2.75672258774592
-0.0781563126252505 0.177953757444352 0.173885299241 4.9170647358735 4.92622995698601 -3.27190091369426 -3.38229796523102
-0.0741482965931863 0.197633505555524 0.193600870156655 4.90271912183796 4.91142344894853 -3.886337896012 -4.00576306791476
-0.0701402805611222 0.217250824827906 0.213252095104383 4.88591376393293 4.89412300606211 -4.49925002141992 -4.62670271924035
-0.0661322645290581 0.236795869829327 0.232828999738295 4.86665553183541 4.87433957297168 -5.11025916598365 -5.24470742744004
-0.0621242484969939 0.256258825696234 0.252321656851814 4.84495280899066 4.85208572347138 -5.71898812880648 -5.8593738070221
-0.0581162324649298 0.275629914192747 0.271720192857213 4.82081548836534 4.82737563522757 -6.32506090509005 -6.47030497514946
-0.0541082164328658 0.294899399750515 0.291014794160717 4.79425496710735 4.80022506296503 -6.92810295849748 -7.07711092204729
-0.0501002004008017 0.314057595484973 0.310195713427237 4.76528414011596 4.77065131022179 -7.52774149259433 -7.67940885469579
-0.0460921843687375 0.333094869183655 0.329253275729205 4.73391739252613 4.73867319978108 -8.12360572114282 -8.27682351318565
-0.0420841683366734 0.352001649262212 0.348177884574439 4.70017059111221 4.70431104289091 -8.71532713702603 -8.86898745923862
-0.0380761523046093 0.370768430683829 0.366960027808387 4.66406107461686 4.66758660738373 -9.30253977957979 -9.45554133652105
-0.0340681362725451 0.389385780837727 0.385590283386596 4.6256076430121 4.62852308480967 -9.88488050011078 -10.0361341025061
-0.030060120240481 0.407844345372507 0.404059325013644 4.58483054570014 4.58714505669773 -10.4619892253817 -10.6104232317685
-0.0260521042084169 0.426134853980076 0.422357927645309 4.54175146866258 4.54347846005938 -11.0335092188447 -11.1780748907235
-0.0220440881763527 0.444248126125998 0.440476972851133 4.49639352056751 4.49755055224888 -11.5990873394081 -11.7387640839505
-0.0180360721442886 0.462175076722066 0.458407454035059 4.44878121784472 4.44938987529355 -12.158374297521 -12.2921747723671
-0.0140280561122245 0.479906721737026 0.476140481512218 4.39894046874028 4.39902621980627 -12.7110249083647 -12.8379999636457
-0.0100200400801603 0.49743418374135 0.493667287440432 4.3468985563624 4.34649058859034 -13.2566983419421 -13.3759417753862
-0.0060120240480962 0.514748697382073 0.510979230605403 4.29268412073162 4.29181516004471 -13.7950583698566 -13.9057114716799
-0.00200400801603207 0.531841614783699 0.528067801059007 4.23632713984877 4.2350332514747 -14.3257736085788 -14.4270294738139
0.00200400801603196 0.548704410871288 0.544924624610523 4.17785890979532 4.17617928241032 -14.8485177589984 -14.9396253459798
0.00601202404809609 0.565328688611879 0.561541467171015 4.11731202388141 4.11528873803026 -15.3629698420651 -15.4432377569568
0.0100200400801602 0.581706184170442 0.577910238951489 4.05472035085753 4.05239813278588 -15.8688144303229 -15.937614418844
0.0140280561122244 0.597828771976667 0.594022998515804 3.99011901220682 3.98754497431478 -16.3657418751484 -16.4225120040108
0.0180360721442885 0.613688469698916 0.609871956689679 3.92354435853545 3.92076772772881 -16.8534485295055 -16.8976960415303
0.0220440881763526 0.629277443121778 0.625449480327435 3.85503394507956 3.85210578035611 -17.3316369660335 -17.3629407944407
0.0260521042084167 0.644588010923716 0.640748095938472 3.78462650634769 3.78159940701102 -17.8000161902905 -17.8180291192605
0.0300601202404809 0.659612649351372 0.655760493175711 3.71236192991855 3.70928973586022 -18.2583018489764 -18.2627523092542
0.034068136272545 0.674343996787211 0.670479528188526 3.6382812294146 3.63521871494705 -18.7062164329666 -18.6969099230064
0.0380761523046091 0.688774858207208 0.684898226842926 3.56242651667249 3.55942907942959 -19.1434894749891 -19.120309599919
0.0420841683366733 0.702898209525433 0.699009787811932 3.48484097313226 3.4819643195817 -19.5698577417864 -19.5327668642941
0.0460921843687374 0.716707201822432 0.712807585539306 3.40556882046763 3.40286864959937 -19.9850654206037 -19.9341049197013
0.0501002004008015 0.730195165454407 0.726285173079927 3.32465529048051 3.32218697724781 -20.3888642998545 -20.3241544353612
0.0541082164328657 0.743355614040304 0.739436284820253 3.24214659428326 3.23996487437775 -20.7810139438163 -20.7027533262962
0.0581162324649298 0.75618224832399 0.752254839082378 3.15808989079302 3.15624854833254 -21.1612818612171 -21.0697465290136
0.0621242484969939 0.768668959908825 0.764734940615315 3.07253325456274 3.07108481426024 -21.5294436675763 -21.4249857744892
0.0661322645290581 0.780809834862003 0.776870882977114 2.98552564297437 2.98452106833805 -21.8852832411712 -21.7683293602136
0.0701402805611222 0.792599157186176 0.78865715081151 2.89711686281983 2.89660526190942 -22.2285928725054 -22.0996419230512
0.0741482965931863 0.80403141215595 0.800088422022718 2.80735753629619 2.80738587652696 -22.5591734071594 -22.418794214636
0.0781563126252505 0.815101289516953 0.811159569852004 2.71629906644172 2.71691189988765 -22.8768343819133 -22.7256628810001
0.0821643286573146 0.825803686545302 0.821865664859548 2.62399360204004 2.62523280264008 -23.1813941540334 -23.0201302480853
0.0861723446893787 0.836133710965384 0.832201976815066 2.53049400201994 2.53239851603689 -23.472680023623 -23.3020841147457
0.0901803607214429 0.846086683723987 0.842163976500492 2.43585379937886 2.43845941039918 -23.7505283489432 -23.571417554786
0.094188376753507 0.855658141618921 0.851747337427912 2.34012716465845 2.34346627435388 -24.0147846546163 -23.828028729519
0.0981963927855711 0.864843839780415 0.860947937475756 2.24336886900081 2.24747029479885 -24.2653037326292 -24.0718207122521
0.102204408817635 0.873639754003632 0.869761860446069 2.14563424681443 2.1505230375453 -24.5019497360619 -24.3027013260314
0.106212424849699 0.882042082930829 0.878185397545448 2.04697915807927 2.05267642858197 -24.7245962654724 -24.5205829958874
0.110220440881764 0.890047250081757 0.886215048792047 1.94745995032029 1.95398273590037 -24.9331264478759 -24.7253826167311
0.114228456913828 0.897651905731032 0.893847524350746 1.84713342027948 1.85449455181651 -25.1274330082614 -24.9170214379497
0.118236472945892 0.904852928631338 0.901079745798346 1.74605677531623 1.75426477572 -25.3074183335977 -25.0954249656471
0.122244488977956 0.911647427581425 0.907908847320361 1.64428759456628 1.65334659717825 -25.4729945292854 -25.2605228833647
0.12625250501002 0.918032742838001 0.914332176840673 1.54188378988967 1.55179347932016 -25.6240834680193 -25.4122489920002
0.130260521042084 0.924006447370726 0.920347297085026 1.43890356663803 1.44965914242108 -25.7606168310314 -25.5505411695271
0.134268537074148 0.929566347959657 0.925951986578986 1.33540538427194 1.34699754760883 -25.8825361416926 -25.6753413509928
0.138276553106212 0.934710486134588 0.931144240580712 1.2314479168589 1.24386288060845 -25.9897927914562 -25.7865955291498
0.142284569138277 0.939437138955887 0.93592227194851 1.12709001348273 1.14030953544285 -26.0823480581355 -25.8842537759447
0.146292585170341 0.943744819636519 0.940284511942827 1.02239065859506 1.03639209800527 -26.1601731165111 -25.9682702849651
0.150300601202405 0.947632278005099 0.944229610962011 0.917408932339667 0.93216532941962 -26.2232490412735 -26.0386034348083
0.154308617234469 0.951098500809917 0.947756439210813 0.812203970880355 0.827684149105209 -26.2715668023114 -26.0952158732116
0.158316633266533 0.954142711864014 0.95086408730028 0.706834926763061 0.723003617463126 -26.3051272523631 -26.13807462165
0.162324649298597 0.956764372031513 0.953551866777362 0.601360929342687 0.618178918103052 -26.3239411070554 -26.1671511999785
0.166332665330661 0.958963179055517 0.955819310582228 0.495841045305158 0.513265339531232 -26.3280289173608 -26.1824217705692
0.170340681362726 0.960739067228021 0.957666173430984 0.390334239315001 0.40831825622279 -26.3174210345094 -26.1838673012675
0.17434869739479 0.962092206902401 0.959092432121161 0.284899334818607 0.303393109004506 -26.2921575674014 -26.171473746369
0.178356713426854 0.963023003849163 0.960098285757088 0.179594975033129 0.198545384677638 -26.252288332568 -26.1452322446986
0.182364729458918 0.963532098455759 0.960684155891951 0.0744795841507793 0.0938305948142779 -26.1978727967389 -26.1051393337589
0.186372745490982 0.96362036477139 0.960850686583106 -0.0303886712119755 -0.010695746334925 -26.1289800120795 -26.0511971788035
0.190380761523046 0.963288909397831 0.960598744356976 -0.134951920291066 -0.114978144878995 -26.0456885441659 -25.9834138155844
0.19438877755511 0.962539070227448 0.959929418079616 -0.239152626148373 -0.218961151322971 -25.9480863927746 -25.9018034054246
0.198396793587174 0.961372415029666 0.958844018728872 -0.342933623313537 -0.322589385648877 -25.8362709055675 -25.8063865011702
0.202404809619239 0.959790739887285 0.957344079063842 -0.446238155065721 -0.425807563481902 -25.71034868476 -25.6971903224921
0.206412825651303 0.957796067484133 0.95543135318724 -0.549009910327395 -0.528560523376039 -25.5704354868656 -25.5742490389238
0.210420841683367 0.955390645245676 0.953107815996099 -0.651193060142584 -0.63079325524686 -25.416656115617 -25.4376040589525
0.214428857715431 0.952576943334299 0.950375662516188 -0.752732293712443 -0.732450929972178 -25.249144308168 -25.2873043234142
0.218436873747495 0.949357652501087 0.947237307115416 -0.85357285396144 -0.833478930174267 -25.0680426146868 -25.1234066013857
0.222444889779559 0.945735681796042 0.943695382591492 -0.953660572607899 -0.933822882189939 -24.8735022714572 -24.9459757867232
0.226452905811623 0.941714156138772 0.939752739129054 -1.05294190471315 -1.03342868922731 -24.6656830676097 -24.7550851933518
0.230460921843687 0.937296413751798 0.935412443121556 -1.1513639626839 -1.13224256570031 -24.4447532056077 -24.5508168473861
0.234468937875751 0.932486003458706 0.930677775853196 -1.24887454970326 -1.23021107272456 -24.2108891556221 -24.3332617741394
0.238476953907816 0.927286681849505 0.925552232036296 -1.34542219256596 -1.32728115474992 -23.9642755039308 -24.1025202780655
0.24248496993988 0.921702410315604 0.920039518199626 -1.44095617389425 -1.42340017729775 -23.7051047954842 -23.8587022136815
0.246492985971944 0.915737351956954 0.914143550923336 -1.53542656371145 -1.51851596576264 -23.4335773707835 -23.6019272455219
0.250501002004008 0.909395868363963 0.907868454916304 -1.62878425035036 -1.61257684523085 -23.1499011972229 -23.3323250951976
0.254509018036072 0.902682516276905 0.90121856093196 -1.72098097067504 -1.70553168125994 -22.8542916950508 -23.0500357736567
0.258517034068136 0.895602044125601 0.894198403518831 -1.81196933959445 -1.79732992155656 -22.5469715581088 -22.7552097967852
0.2625250501002 0.888159388452275 0.886812718602358 -1.90170287884736 -1.88792163848186 -22.228170569514 -22.4480083825287
0.266533066132264 0.880359670220526 0.879066440894829 -1.99013604503875 -1.97725757230711 -21.89812541245 -22.1286036277763
0.270541082164329 0.87220819101346 0.870964701130567 -2.0772242569083 -2.06528917513472 -21.5570794762391 -21.7971786633084
0.274549098196393 0.863710429124105 0.862512823123912 -2.16292392181243 -2.15196865539378 -21.2052826578705 -21.4539277851903
0.278557114228457 0.854872035541291 0.853716320647866 -2.2471924614021 -2.23724902281228 -20.8429911591624 -21.0990565610701
0.282565130260521 0.845698829834248 0.844580894131708 -2.32998833647912 -2.32108413376276 -20.4704672797397 -20.7327819099354
0.286573146292585 0.836196795939262 0.835112427176298 -2.41127107101473 -2.40342873687214 -20.087979206012 -20.3553321539803
0.290581162324649 0.826372077851757 0.825316982886232 -2.49100127531457 -2.48423851878141 -19.6958007963392 -19.9669470413409
0.294589178356713 0.816230975227282 0.815200800018494 -2.56914066831539 -2.56347014993623 -19.2942113625742 -19.5678777385719
0.298597194388778 0.805779938894884 0.804770288947719 -2.64565209899916 -2.64108133028495 -18.883495448177 -19.1583867918576
0.302605210420842 0.795025566286449 0.794032027448695 -2.72049956691136 -2.71703083475714 -18.4639426030934 -18.7387480560766
0.306613226452906 0.783974596785621 0.782992756297247 -2.79364824177078 -2.79127855839195 -18.035847155596 -18.3092465909719
0.31062124248497 0.77263390699997 0.771659374691163 -2.86506448215915 -2.8637855609835 -17.5995079812876 -17.8701785238159
0.314629258517034 0.761010505960101 0.760038935493379 -2.93471585327951 -2.93451411110784 -17.1552282694654 -17.4218508781013
0.318637274549098 0.749111530249487 0.748138640300171 -3.00257114377333 -3.00342772939455 -16.7033152870514 -16.9645813679345
0.322645290581162 0.736944239068787 0.735965834337654 -3.06860038158678 -3.07049123090538 -16.2440801402899 -16.4986981579572
0.326653306613226 0.724516009238501 0.723528001190449 -3.13277484887784 -3.13567076648139 -15.7778375344188 -16.0245395887727
0.330661322645291 0.711834330143808 0.710832757366932 -3.19506709595646 -3.19893386292069 -15.3049055315203 -15.5424538680078
0.334669338677355 0.698906798625479 0.697887846706015 -3.2554509542508 -3.26024946184954 -14.825605306757 -15.0527987272948
0.338677354709419 0.68574111382079 0.684701134630981 -3.31390154829362 -3.31958795715104 -14.3402609032011 -14.5559410456133
0.342685370741483 0.672345071958357 0.671280602256419 -3.37039530672359 -3.37692123081772 -13.8491989854653 -14.0522564395875
0.346693386773547 0.658726561110868 0.657634340354839 -3.424909972297 -3.43222268709705 -13.3527485923411 -13.5421288214864
0.350701402805611 0.64489355590967 0.643770543190061 -3.4774246109065 -3.48546728480209 -12.8512408886551 -13.0259499258292
0.354709418837675 0.630854112225207 0.629697502224996 -3.52791961960393 -3.53663156766372 -12.3450089165489 -12.5041188056463
0.35871743486974 0.616616361817303 0.615423599711891 -3.57637673362563 -3.5856936926049 -11.8343873463912 -11.9770412995957
0.362725450901804 0.60218850695928 0.600957302173611 -3.62277903241887 -3.63263345582307 -11.3197122275282 -11.4451294712746
0.366733466933868 0.587578815039938 0.586307153784955 -3.66711094466935 -3.67743231657187 -10.8013207390794 -10.9088010222088
0.370741482965932 0.572795613147373 0.571481769663439 -3.70935825233037 -3.7200734185402 -10.279550940983 -10.3684786801345
0.374749498997996 0.55784728263865 0.556489829079365 -3.74950809365492 -3.7605416087328 -9.75474152549489 -9.82458956431559
0.37875751503006 0.542742253699321 0.54134006859537 -3.78754896523314 -3.79882345376407 -9.22723156934529 -9.27756452976162
0.382765531062124 0.527488999896757 0.526041275145998 -3.82347072303802 -3.83490725348453 -8.69736028675269 -8.72783749232826
0.386773547094188 0.512096032731277 0.510602279068113 -3.85726458248315 -3.86878305186748 -8.16546678349594 -8.17584473678753
0.390781563126253 0.496571896189016 0.495031947093287 -3.88892311749742 -3.90044264509183 -7.63188981224155 -7.62202421005633
0.394789579158317 0.480925161300461 0.479339175313496 -3.91844025862172 -3.92987958676626 -7.09696752932248 -7.06681480186253
0.398797595190381 0.465164420708565 0.463532882131689 -3.94581129013419 -3.95708919024903 -6.56103725316163 -6.51065561520977
0.402805611222445 0.449298283250322 0.44762200120894 -3.97103284621071 -3.98206852802743 -6.02443522453162 -5.95398522907495
0.406813627254509 0.43333536855565 0.431615474420028 -3.99410290612862 -4.00481642813067 -5.4874963688394 -5.39724095583512
0.410821643286573 0.417284301667395 0.415522244829357 -4.01502078852198 -4.02533346756024 -4.95055406062187 -4.84085809597276
0.414829659318637 0.401153707686255 0.399351249699213 -4.03378714469766 -4.04362196273197 -4.41393989043568 -4.28526919265041
0.418837675350701 0.384952206444353 0.383111413542296 -4.05040395102224 -4.05968595693452 -3.87798343432155 -3.7309032887766
0.422845691382766 0.368688407211166 0.366811641230479 -4.06487450039037 -4.07353120481962 -3.34301202602019 -3.17818518920483
0.42685370741483 0.35237090343548 0.350460811171643 -4.07720339278598 -4.08516515394983 -2.80935053211358 -2.62753473071576
0.430861723446894 0.336008267526961 0.334067768566301 -4.08739652494837 -4.09459692344046 -2.27732113026203 -2.07936606243002
0.434869739478958 0.319609045680927 0.317641318755567 -4.095461079156 -4.10183727974269 -1.74724309070398 -1.5340869392844
0.438877755511022 0.303181752749816 0.301190220671836 -4.1014055111413 -4.10689860962539 -1.21943256118145 -0.992098031178175
0.442885771543086 0.286734867164813 0.284723180403237 -4.10523953715059 -4.10979489042374 -0.694202355450452 -0.453792250358387
0.44689378757515 0.270276825911028 0.268248844882698 -4.10697412016385 -4.1105416576328 -0.171861745531808 0.0804459004360832
0.450901803607214 0.253816019559557 0.251775795712049 -4.10662145528949 -4.10915596993407 0.347283742146702 0.610240956612902
0.454909819639278 0.237360787359723 0.235312543131308 -4.10419495435013 -4.10565637175306 0.862932526569363 1.13522709475976
0.458917835671343 0.220919412394678 0.218867520142782 -4.09970922967591 -4.100062853455 1.3747871677707 1.65504870776968
0.462925851703407 0.204500116803526 0.202449076799262 -4.09318007712215 -4.09239680929515 1.88255455815399 2.16936094984763
0.466933867735471 0.188111057073038 0.186065474665038 -4.0846244583292 -4.08268099324852 2.38594610935667 2.67783024929336
0.470941883767535 0.171760319401956 0.16972488145798 -4.07406048224244 -4.07093947285235 2.8846779345335 3.18013478706915
0.474949899799599 0.155455915140817 0.153435365880368 -4.06150738591102 -4.05719758120215 3.37847102593315 3.67596493928613
0.478957915831663 0.139205776310152 0.137204892645576 -4.04698551458458 -4.04148186724947 3.86705142764858 4.16502368187592
0.482965931863727 0.12301775119983 0.121041317707108 -4.03051630112743 -4.0238200445562 4.35015040342667 4.64702695585719
0.486973947895792 0.106899600052242 0.104952383695856 -4.01212224477016 -4.0042409386663 4.82750459942739 5.12170399175701
0.490981963927856 0.0908589908319483 0.0889457155707848 -3.99182688921935 -3.98277443326127 5.29885620182792 5.58879759190551
0.49498997995992 0.0749034950843111 0.0730288164875779 -3.96965480014592 -3.95945141527041 5.76395308917215 6.0480643694875
0.498997995991984 0.059040583885563 0.0572090638890868 -3.94563154207372 -3.93430371911133 6.22254897937136 6.49927494340666
0.503006012024048 0.0432776238866743 0.0414937058207093 -3.91978365468967 -3.90736407023929 6.67440357126684 6.94221408819515
0.507014028056112 0.0276218734532897 0.025889857473106 -3.89213862859765 -3.87866602818668 7.11928268067089 7.37668083838402
0.511022044088176 0.0120804789039242 0.0104044979539307 -3.86272488053826 -3.8482439292763 7.55695837080751 7.80248854693638
0.51503006012024 -0.00333952915148989 -0.00495553271048751 -3.8315717280972 -3.81613282919279 7.98720907707976 8.21946489753525
0.519038076152305 -0.0186312393707002 -0.0201835363433116 -3.79870936392497 -3.78236844559733 8.40981972609624 8.62745187071055
0.523046092184369 -0.0337878631339641 -0.0352729591557591 -3.76416882949118 -3.74698710097039 8.82458184889437 9.02630566398443
0.527054108216433 -0.0488027378927898 -0.0502173940573406 -3.72798198839678 -3.71002566586608 9.23129368830362 9.41589656640884
0.531062124248497 -0.0636693304108657 -0.0650105827397896 -3.69018149926781 -3.67152150275979 9.62976030039758 9.79610878806532
0.535070140280561 -0.07838123989555 -0.0796464175374221 -3.65080078825439 -3.63151241066832 10.019793649989 10.1668402452911
0.539078156312625 -0.0929322010183853 -0.094118943067373 -3.60987402115906 -3.59003657071785 10.4012127001273 10.5280023025889
0.543086172344689 -0.107316086823198 -0.108422357653857 -3.56743607521845 -3.54713249283136 10.7738434955647 10.8795194723675
0.547094188376753 -0.121526911520446 -0.12255101454127 -3.52352251056252 -3.50283896370176 11.1375192401597 11.2213290738486
0.551102204408818 -0.135558833166568 -0.136499422901618 -3.47816954137584 -3.45719499621145 11.492080368197 11.5533808526563
0.555110220440882 -0.14940615622719 -0.150262248642372 -3.43141400678514 -3.41023978045263 11.8373746096027 11.8756365627848
0.559118236472946 -0.163063334023144 -0.163834315021464 -3.38329334149781 -3.36201263649525 12.1732570490442 12.1880695128103
0.56312625250501 -0.176524971058343 -0.177210603076718 -3.33384554621577 -3.31255296904222 12.4995901789058 12.4906640783785
0.567134268537074 -0.189785825228667 -0.190386251877538 -3.28310915784927 -3.2619002241024 12.816243946139 12.7834151831561
0.571142284569138 -0.20284080991111 -0.20335655860719 -3.23112321955521 -3.2100938478033 13.123095792991 13.0663277505836
0.575150300601202 -0.215684995932517 -0.216116978484477 -3.17792725062448 -3.15717324745561 13.4200306916189 13.3394161289062
0.579158316633267 -0.228313613417381 -0.228663124534055 -3.12356121624278 -3.10317775497135 13.7069411726053 13.6027034920888
0.583166332665331 -0.240722053514222 -0.240990767214983 -3.06806549714931 -3.04814659272704 13.9837273473935 13.8562212193422
0.587174348697395 -0.252905870000194 -0.253095833917507 -3.01148085921775 -2.99211884195183 14.2502969246669 14.1000082560928
0.591182364729459 -0.264860780763653 -0.264974408338303 -2.95384842298363 -2.93513341370919 14.5065652207026 14.3341104593281
0.595190380761523 -0.276582669164531 -0.276622729744719 -2.89520963314225 -2.87722902252881 14.7524551637338 14.5585799303295
0.599198396793587 -0.288067585272433 -0.288037192138713 -2.83560622804102 -2.81844416273297 14.98789729236 14.7734743378807
0.603206412825651 -0.299311746982486 -0.299214343331368 -2.77508020919006 -2.75881708748938 15.2128297480509 14.9788562350925
0.607214428857715 -0.310311541009068 -0.310150883938942 -2.71367381081458 -2.69838579060973 15.4271982617922 15.1747923730328
0.61122244488978 -0.321063523757619 -0.320843666311492 -2.65142946947247 -2.63718799110015 15.6309561349283 15.3613530143793
0.615230460921844 -0.331564422074849 -0.331289693405067 -2.58838979376014 -2.57526112045718 15.8240642142607 15.5386112503278
0.619238476953908 -0.341811133877747 -0.34148611760847 -2.52459753412962 -2.51264231268968 16.0064908614654 15.7066423239927
0.623246492985972 -0.351800728661874 -0.351430239535426 -2.4600955528395 -2.44936839703409 16.178211916898 15.8655229635202
0.627254509018036 -0.361530447889518 -0.361119506792886 -2.39492679406206 -2.38547589331784 16.3392106578575 16.0153307281092
0.6312625250501 -0.370997705258402 -0.370551512735953 -2.32913425416866 -2.32100100991275 16.4894777513879 16.1561433700915
0.635270541082164 -0.380200086851673 -0.37972399521968 -2.26276095221511 -2.25597964420787 16.6290112016967 16.2880382161657
0.639278557114229 -0.389135351170048 -0.388634835357684 -2.19584990064844 -2.1904473855189 16.7578162922753 16.4110915708066
0.643286573146293 -0.397801429047017 -0.397282056297136 -2.12844407625609 -2.12443952033941 16.8759055228128 16.5253781447881
0.647294589178357 -0.406196423448139 -0.405663822019322 -2.06058639137833 -2.05799103982741 16.9832985409926 16.6309705116544
0.651302605210421 -0.414318609155518 -0.413778436174497 -1.99231966540397 -1.99113664940991 17.0800220692718 16.7279385948626
0.655310621242485 -0.42216643233863 -0.421624340959257 -1.92368659656958 -1.92391078037709 17.1661098267422 16.8163491881911
0.659318637274549 -0.429738510012767 -0.429200116044152 -1.8547297340815 -1.856347603328 17.2416024461763 16.8962655118691
0.663326653306613 -0.437033629386417 -0.436504477558645 -1.78549145057982 -1.78848104331978 17.3065473863678 16.967746806727
0.667334669338677 -0.444050747099005 -0.443536277139945 -1.71601391496291 -1.7203447965637 17.3609988398745 17.0308479685085
0.671342685370741 -0.450788988350463 -0.450294501051584 -1.64633906559082 -1.65197234850323 17.4050176362799 17.0856192243017
0.675350701402806 -0.457247645924181 -0.456778269376935 -1.57650858388514 -1.58339699310142 17.4386711410881 17.1321058528683
0.67935871743487 -0.463426179104983 -0.462986835292158 -1.50656386834261 -1.51465185315866 17.4620331503735 17.1703479504483
0.683366733466934 -0.469324212493795 -0.468919584422341 -1.43654600897939 -1.44576990147562 17.4751837813068 17.2003802434154
0.687374749498998 -0.474941534720782 -0.474576034283826 -1.36649576222202 -1.37678398267115 17.4782093586823 17.2222319489461
0.691382765531062 -0.480278097058762 -0.479955833814992 -1.29645352626112 -1.30772683546085 17.4712022975742 17.2359266846432
0.695390781563126 -0.485334011938801 -0.485058762996903 -1.22645931688281 -1.23863111519854 17.4542609822526 17.241482427831
0.69939879759519 -0.490109551369911 -0.489884732564506 -1.15655274379283 -1.1695294164804 17.4274896414893 17.2389115250065
0.703406813627254 -0.494605145264876 -0.494433783808215 -1.08677298744737 -1.10045429561033 17.3909982203906 17.228220751697
0.707414829659319 -0.498821379674239 -0.498706088464923 -1.01715877640438 -1.03143829272435 17.3449022488893 17.2094114227345
0.711422845691383 -0.5027589949306 -0.50270194869666 -0.947748365208366 -0.962513953372232 17.2893227070379 17.1824795527182
0.715430861723447 -0.506418883705343 -0.506421797154338 -0.878579512821369 -0.893713849356249 17.2243858872393 17.1474160661955
0.719438877755511 -0.509802088980045 -0.50986619712319 -0.809689461611924 -0.825070598628983 17.1502232535575 17.1042070568479
0.723446893787575 -0.5129098019348 -0.513035842745756 -0.741114916913588 -0.756616884055668 17.0669712982505 17.0528340947336
0.727454909819639 -0.51574335975578 -0.515931559317471 -0.672892027163781 -0.688385470850737 16.9747713956688 16.9932745803959
0.731462925851703 -0.518304243364369 -0.518554303649169 -0.605056364633256 -0.620409222503514 16.8737696536641 16.9255021444165
0.735470941883767 -0.520594075070256 -0.520905164490094 -0.537642906755867 -0.552721115014138 16.7641167626539 16.8494870907625
0.739478957915832 -0.522614616150926 -0.522985363004295 -0.470686018067743 -0.485354249267873 16.6459678424888 16.7651968820533
0.743486973947896 -0.524367764359989 -0.524796253292606 -0.404219432764377 -0.41834186138391 16.5194822872675 16.6725966646567
0.74749498997996 -0.525855551366855 -0.526339322951793 -0.338276237883563 -0.351717330883562 16.3848236082503 16.5716498313161
0.751503006012024 -0.527080140130266 -0.527616193661815 -0.272888857121512 -0.285514186532367 16.2421592750161 16.4623186188102
0.755511022044088 -0.528043822208254 -0.528628621791618 -0.208089035288877 -0.219766109721007 16.0916605550116 16.344564737961
0.759519038076152 -0.528749015007078 -0.529378499013339 -0.14390782341284 -0.154506935261088 15.9335023516418 16.2183500331211
0.763527054108216 -0.529198258971765 -0.529867852914322 -0.08037556449082 -0.0897706494836231 15.7678630410492 16.0836371681131
0.767535070140281 -0.529394214720858 -0.530098847595948 -0.0175218799007492 -0.0255913855405635 15.5949243077291 15.9403903354337
0.771543086172345 -0.529339660128027 -0.530073784247878 0.0446243435277091 0.0379965841772763 15.4148709791292 15.7885759853988
0.775551102204409 -0.529037487353184 -0.529795101685998 0.106034965777229 0.100958858578935 15.2278908593807 15.6281635717794
0.779559118236473 -0.528490699825785 -0.52926537684211 0.166682605238979 0.163260921427659 15.0341745623063 15.459126310368
0.783567134268537 -0.527702409183 -0.528487325193166 0.226540649638267 0.224868157955424 14.833915343852 15.2814419468186
0.787575150300601 -0.526675832165435 -0.527463801117733 0.285583266287663 0.285745874567338 14.6273089340873 15.0950935300278
0.791583166332665 -0.525414287473113 -0.526197798167259 0.34378541166615 0.345859321650529 14.4145533689168 14.9000701872595
0.795591182364729 -0.523921192584411 -0.524692449239703 0.401122840323428 0.405173719486845 14.1958488216472 14.6963678971733
0.799599198396794 -0.522200060540665 -0.522951026643102 0.457572113109084 0.463654287253195 13.9713974345506 14.4839902568869
0.803607214428858 -0.520254496699139 -0.520976942036779 0.513110604726895 0.52126627507786 13.7414031505641 14.2629492391966
0.807615230460922 -0.518088195457078 -0.518773746238007 0.567716510615082 0.577974999105567 13.506071545265 14.033265936083
0.811623246492986 -0.515704936949521 -0.516345128882217 0.621368853153907 0.633745879508631 13.2656096592582 13.7949712846606
0.81563126252505 -0.513108583723586 -0.513694917925072 0.674047487202516 0.688544481366187 13.0202258311118 13.54810677177
0.819639278557114 -0.510303077391903 -0.510827078975106 0.72573310496751 0.742336558318368 12.7701295309735 13.2927251134742
0.823647294589178 -0.507292435267866 -0.507745714446009 0.776407240206254 0.795088098887512 12.5155311950013 13.0288909058003
0.827655310621243 -0.504080746985367 -0.50445506251812 0.82605227176839 0.846765375343952 12.2566420607357 12.7566812431642
0.831663326653307 -0.500672171105653 -0.500959495899183 0.874651426479661 0.897334994979918 11.9936740035439 12.4761863010302
0.835671342685371 -0.497070931713938 -0.497263520375025 0.922188781372527 0.946763953641515 11.7268393742588 12.1875098794851
0.839679358717435 -0.493281315008376 -0.493371773141421 0.968649265268654 0.995019691355696 11.4563508381373 11.8907699045561
0.843687374749499 -0.489307665883973 -0.489289020909097 1.01401865971879 1.04207014987679 11.1824212152579 11.586098884262
0.847695390781563 -0.485154384514022 -0.485020157774546 1.05828359930603 1.08788383196543 10.9052633224771 11.2736443165612
0.851703406813627 -0.480825922931578 -0.480570202850118 1.10143157131893 1.13242986220162 10.6250898170575 10.9535690465548
0.855711422845691 -0.4763267816135 -0.475944297647636 1.1434509148015 1.17567804912383 10.3421130420837 10.6260515705026
0.859719438877756 -0.471661506069531 -0.471147703210664 1.18433081898728 1.21759894847603 10.0565448737739 10.2912862844276
0.86372745490982 -0.466834683438885 -0.46618579699144 1.22406132112551 1.25816392733694 9.76859657079558 9.94948367531221
0.867735470941884 -0.461850939096742 -0.461064069469388 1.26263330370748 1.29734522889742 9.47847862568958 9.60087045312326
0.871743486973948 -0.456714933273055 -0.455788120509118 1.30003849110184 1.3351160376459 9.18640061850448 9.24568962215443
0.875751503006012 -0.451431357686001 -0.450363655456742 1.33626944560781 1.37145054471604 8.89257107273902 8.88420049042503
0.879759519038076 -0.446004932192419 -0.444796480974369 1.37131956293583 1.40632401314619 8.59719731368902 8.51667861613805
0.88376753507014 -0.440440401457476 -0.439092500613647 1.40518306712542 1.43971284279683 8.30048532929043 8.14341569046684
0.887775551102205 -0.434742531645821 -0.43325771013022 1.43785500491045 1.47159463466982 8.00263963354804 7.76471935621177
0.891783567134268 -0.428916107136415 -0.427298192542024 1.46933123954238 1.50194825437198 7.70386313263576 7.38091296214318
0.895791583166333 -0.422965927263179 -0.421220112935362 1.49960844408225 1.53075389446529 7.40435699375099 6.99233525312402
0.899799599198397 -0.41689680308358 -0.415029713023748 1.52868409417281 1.55799313544692 7.10432051680256 6.5993399963836
0.903807615230461 -0.410713554177203 -0.408733305465502 1.55655646030201 1.58364900510452 6.80395100900825 6.20229554459028
0.907815631262525 -0.40442100547634 -0.402337267947132 1.58322459957001 1.60770603599507 6.50344366247425 5.80158433664691
0.911823647294589 -0.398023984130539 -0.395848037040513 1.60868834697148 1.63015032080011 6.20299143482605 5.39760233740461
0.915831663326653 -0.391527316407057 -0.389272101842858 1.63294830620578 1.6509695653153 5.90278493295625 4.9907584177579
0.919839679358717 -0.384935824629063 -0.382615997409447 1.65600584002747 1.67015313883875 5.60301229995153 4.58147367684647
0.923847695390781 -0.378254324153416 -0.375886297989994 1.67786306015016 1.68769212172997 5.30385910525769 4.17018070834362
0.927855711422846 -0.371487620389792 -0.369089610080428 1.69852281671673 1.70357934991976 5.0055082381378 3.75732281305845
0.93186372745491 -0.364640505862844 -0.362232565302751 1.7179886873491 1.71780945616061 4.70813980447522 3.34335316031641
0.935871743486974 -0.357717757319085 -0.355321813126423 1.73626496579133 1.73037890781779 4.41193102696978 2.92873390081013
0.939879759519038 -0.350724132880081 -0.348364013445536 1.75335665015946 1.74128604101225 4.11705614877145 2.51393523382834
0.943887775551102 -0.343664369243492 -0.341365829026745 1.76926943081212 1.75053109093869 3.82368634059295 2.09943443197401
0.947895791583166 -0.336543178933478 -0.334333917843632 1.78400967785585 1.75811621819504 3.53198961133852 1.68571482667296
0.95190380761523 -0.329365247601885 -0.327274925313776 1.79758442829941 1.76404553097293 3.24213072228299 1.27326475795003
0.955911823647295 -0.322135231381597 -0.320195476455422 1.81000137287113 1.76832510297344 2.9542711048317 0.862576492110558
0.959919839679359 -0.314857754293379 -0.313102167981102 1.82126884251401 1.77096298692671 2.66856878188801 0.454145111110029
0.963927855711423 -0.307537405707463 -0.306001560346062 1.83139579457286 1.77196922361005 2.38517829285198 0.0484673775233371
0.967935871743487 -0.300178737861098 -0.298900169769726 1.84039179868814 1.77135584627452 2.10425062227028 -0.353959420863409
0.971943887775551 -0.29278626343319 -0.29180446024873 1.84826702241118 1.76913688040674 1.82593313215355 -0.752638642721421
0.975951903807615 -0.285364453177141 -0.28472083558037 1.85503221655556 1.76532833876891 1.55036949797455 -1.1470754769148
0.979959919839679 -0.277917733612895 -0.277655631415455 1.86069870029923 1.75994821167745 1.27769964835657 -1.53677813405182
0.983967935871743 -0.270450484779178 -0.270615107359708 1.86527834605245 1.75301645249731 1.00805970845838 -1.92125904156097
0.987975951903808 -0.262967038046825 -0.263605439142903 1.86878356410611 1.74455495834649 0.741581947058808 -2.3000360379799
0.991983967935872 -0.255471673994054 -0.256632710874927 1.8712272870755 1.73458754602271 0.478394727340297 -2.67263356214267
0.995991983967936 -0.247968620344479 -0.249702907407848 1.87262295415408 1.72313992318117 0.218622461367869 -3.03858383296725
1 -0.240462049968584 -0.242821906822956 1.87298449519234 1.71023965480959 -0.0376144317432506 -3.39742801557943
