-1 0.35322690848236 0.356721545873099
-0.995991983967936 0.353916198818154 0.356964022383861
-0.991983967935872 0.354439114925153 0.357074153211517
-0.987975951903808 0.354792871123738 0.357048260426992
-0.983967935871743 0.354974743436529 0.356882700043215
-0.979959919839679 0.354982072203332 0.356573866624064
-0.975951903807615 0.354812264685615 0.356118197923932
-0.971943887775551 0.354462797658412 0.355512179551271
-0.967935871743487 0.353931219987576 0.354752349649366
-0.963927855711423 0.353215155190232 0.353835303587413
-0.959919839679359 0.352312303976314 0.352757698654931
-0.955911823647295 0.351220446769039 0.351516258752388
-0.95190380761523 0.349937446202155 0.350107779070864
-0.947895791583166 0.348461249591818 0.348529130753514
-0.943887775551102 0.346789891380908 0.346777265531523
-0.939879759519038 0.344921495553632 0.344849220327219
-0.935871743486974 0.342854278018225 0.342742121816997
-0.93186372745491 0.340586548955575 0.340453190946685
-0.927855711422846 0.338116715131606 0.33797974739201
-0.923847695390782 0.33544328217123 0.335319213956841
-0.919839679358717 0.332564856791719 0.332469120901941
-0.915831663326653 0.329480148993318 0.329427110197003
-0.911823647294589 0.326187974204963 0.326190939688852
-0.907815631262525 0.322687255382948 0.322758487178749
-0.903807615230461 0.318977025060424 0.31912775440189
-0.899799599198397 0.315056427345598 0.315296870902287
-0.895791583166333 0.310924719866554 0.31126409779637
-0.891783567134269 0.306581275660594 0.307027831418823
-0.887775551102204 0.302025585006056 0.30258660684432
-0.88376753507014 0.297257257194556 0.297939101279044
-0.879759519038076 0.292276022241651 0.293084137316049
-0.875751503006012 0.287081732533924 0.288020686048781
-0.871743486973948 0.281674364410545 0.282747870037274
-0.867735470941884 0.276054019677358 0.277264966121816
-0.86372745490982 0.270220927051613 0.271571408079124
-0.859719438877755 0.264175443535473 0.265666789116353
-0.855711422845691 0.257918055716467 0.25955086419854
-0.851703406813627 0.25144938099309 0.253223552205399
-0.847695390781563 0.244770168723818 0.246684937913672
-0.843687374749499 0.237881301297814 0.239935273801577
-0.839679358717435 0.230783795125657 0.232974981672216
-0.835671342685371 0.223478801548494 0.22580465409313
-0.831663326653307 0.21596760766401 0.21842505564956
-0.827655310621243 0.208251637067724 0.210837124009277
-0.823647294589178 0.20033245050812 0.203041970797257
-0.819639278557114 0.192211746454187 0.195040882278776
-0.81563126252505 0.183891361574028 0.186835319849906
-0.811623246492986 0.17537327112319 0.178426920334742
-0.807615230460922 0.166659589241505 0.169817496089044
-0.803607214428858 0.15775256915721 0.161009034910371
-0.799599198396794 0.148654603297243 0.152003699755124
-0.795591182364729 0.139368223302628 0.14280382826329
-0.791583166332665 0.129896099947957 0.133411932092048
-0.787575150300601 0.120241042964016 0.12383069605973
-0.783567134268537 0.110406000762699 0.114062977102005
-0.779559118236473 0.100394060063384 0.104111803042501
-0.775551102204409 0.0902084454200653 0.0939803711803823
-0.771543086172345 0.0798525186485534 0.0836720466977846
-0.767535070140281 0.069329778153163 0.0731903608902846
-0.763527054108216 0.0586438581523785 0.0625390092239174
-0.759519038076152 0.0477985278030405 0.0517218492225439
-0.755511022044088 0.0367976902226988 0.0407428981896665
-0.751503006012024 0.0256453814098368 0.029606330769058
-0.74749498997996 0.0143457690617551 0.0183164763488358
-0.743486973947896 0.00290315128998787 0.00687781631385825
-0.739478957915832 -0.00867804476681009 -0.00470501884844781
-0.735470941883767 -0.0203932644324745 -0.016427252583504
-0.731462925851703 -0.0322378270853278 -0.0282839654407186
-0.727454909819639 -0.0442069278523798 -0.040270098374641
-0.723446893787575 -0.0562956394054532 -0.0523804561702614
-0.719438877755511 -0.0684989138588806 -0.0646097109864441
-0.715430861723447 -0.0808115847683369 -0.076952406011348
-0.711422845691383 -0.0932283692302768 -0.0894029592235885
-0.707414829659319 -0.105743870081381 -0.101955667252798
-0.703406813627254 -0.118352578197313 -0.11460470933318
-0.69939879759519 -0.131048874890013 -0.127344151343597
-0.695390781563126 -0.143827034402666 -0.140167949927705
-0.691382765531062 -0.156681226501407 -0.153069956687643
-0.687374749498998 -0.169605519162728 -0.166043922444777
-0.683366733466934 -0.182593881355467 -0.179083501561053
-0.67935871743487 -0.195640185916194 -0.192182256314548
-0.675350701402806 -0.208738212516704 -0.205333661322865
-0.671342685370741 -0.221881650722253 -0.218531108008139
-0.667334669338677 -0.235064103139082 -0.231767909097478
-0.663326653306613 -0.24827908864971 -0.24503730315283
-0.659318637274549 -0.261520045734371 -0.258332459124385
-0.655310621242485 -0.2747803358769 -0.27164648092177
-0.651302605210421 -0.2880532470533 -0.28497241199749
-0.647294589178357 -0.301331997301124 -0.298303239937237
-0.643286573146293 -0.314609738367749 -0.311631901051899
-0.639278557114228 -0.327879559435508 -0.324951284966307
-0.635270541082164 -0.341134490921618 -0.338254239200004
-0.6312625250501 -0.354367508350716 -0.351533573735534
-0.627254509018036 -0.367571536297765 -0.364782065570024
-0.623246492985972 -0.380739452399027 -0.377992463246064
-0.619238476953908 -0.393864091428708 -0.391157491358182
-0.615230460921844 -0.406938249438815 -0.404269855031464
-0.61122244488978 -0.419954687959708 -0.417322244369168
-0.607214428857715 -0.432906138258751 -0.430307338866437
-0.603206412825651 -0.445785305654393 -0.443217811787545
-0.599198396793587 -0.458584873882965 -0.456046334504348
-0.595190380761523 -0.47129750951541 -0.468785580793948
-0.591182364729459 -0.483915866421086 -0.481428231093844
-0.587174348697395 -0.496432590275742 -0.493966976713128
-0.583166332665331 -0.508840323110717 -0.506394523998586
-0.579158316633267 -0.521131707900323 -0.518703598454826
-0.575150300601202 -0.53329939318436 -0.53088694881784
-0.571142284569138 -0.545336037722633 -0.542937351081681
-0.567134268537074 -0.557234315178317 -0.55484761247816
-0.56312625250501 -0.568986918826933 -0.566610575409773
-0.559118236472946 -0.5805865662877 -0.578219121336259
-0.555110220440882 -0.592026004273954 -0.589666174615434
-0.551102204408818 -0.603298013359302 -0.600944706299175
-0.547094188376753 -0.614395412756128 -0.612047737885603
-0.543086172344689 -0.625311065103058 -0.62296834502872
-0.539078156312625 -0.636037881257939 -0.633699661206917
-0.535070140280561 -0.646568825092861 -0.644234881351918
-0.531062124248497 -0.656896918287746 -0.654567265439886
-0.527054108216433 -0.667015245118975 -0.664690142046499
-0.523046092184369 -0.676916957239522 -0.674596911867932
-0.519038076152305 -0.686595278447046 -0.684281051209759
-0.51503006012024 -0.696043509436379 -0.693736115445838
-0.511022044088176 -0.705255032532821 -0.702955742449283
-0.507014028056112 -0.714223316402657 -0.711933655997679
-0.503006012024048 -0.722941920737324 -0.720663669154646
-0.498997995991984 -0.731404500907595 -0.72913968762988
-0.49498997995992 -0.739604812584228 -0.737355713119743
-0.490981963927856 -0.74753671632145 -0.745305846630406
-0.486973947895792 -0.755194182099715 -0.752984291785491
-0.482965931863727 -0.762571293824154 -0.760385358120021
-0.478957915831663 -0.769662253775142 -0.7675034643624
-0.474949899799599 -0.776461387007449 -0.774333141705994
-0.470941883767535 -0.782963145694432 -0.780869037071713
-0.466933867735471 -0.789162113413764 -0.787105916362835
-0.462925851703407 -0.79505300937121 -0.793038667713105
-0.458917835671343 -0.800630692559003 -0.798662304728954
-0.454909819639279 -0.805890165845376 -0.803971969726422
-0.450901803607214 -0.810826579991872 -0.808962936963165
-0.44689378757515 -0.815435237595066 -0.813630615865651
-0.442885771543086 -0.819711596949379 -0.817970554251394
-0.438877755511022 -0.823651275827717 -0.821978441545787
-0.434869739478958 -0.827250055176698 -0.825650111992831
-0.430861723446894 -0.830503882723283 -0.828981547858734
-0.42685370741483 -0.833408876489691 -0.831968882627072
-0.422845691382766 -0.835961328213507 -0.834608404183895
-0.418837675350701 -0.838157706669979 -0.836896557990841
-0.414829659318637 -0.839994660893527 -0.838829950244011
-0.410821643286573 -0.841469023295581 -0.84040535101605
-0.406813627254509 -0.842577812675911 -0.841619697378547
-0.402805611222445 -0.84331823712468 -0.842470096501588
-0.398797595190381 -0.843687696812534 -0.842953828726936
-0.394789579158317 -0.843683786666107 -0.843068350611066
-0.390781563126252 -0.843304298926385 -0.842811297933943
-0.386773547094188 -0.842547225587488 -0.842180488669174
-0.382765531062124 -0.841410760713452 -0.841173925910848
-0.37875751503006 -0.839893302630738 -0.839789800752176
-0.374749498997996 -0.83799345599423 -0.838026495110711
-0.370741482965932 -0.835710033724597 -0.835882584494759
-0.366733466933868 -0.833042058814994 -0.833356840705329
-0.362725450901804 -0.829988766005125 -0.830448234467773
-0.35871743486974 -0.826549603320843 -0.827155937987098
-0.354709418837675 -0.82272423347751 -0.823479327420731
-0.350701402805611 -0.818512535145461 -0.819417985262412
-0.346693386773547 -0.813914604076016 -0.814971702630739
-0.342685370741483 -0.808930754086578 -0.810140481455789
-0.338677354709419 -0.803561517903449 -0.804924536557185
-0.334669338677355 -0.797807647861138 -0.799324297606897
-0.330661322645291 -0.791670116456986 -0.793340410970061
-0.326653306613226 -0.785150116760088 -0.786973741417086
-0.322645290581162 -0.778249062673578 -0.78022537370036
-0.318637274549098 -0.770968589049454 -0.773096613988888
-0.314629258517034 -0.763310551655238 -0.765588991154318
-0.31062124248497 -0.755277026991878 -0.757704257901876
-0.306613226452906 -0.746870311962392 -0.749444391739897
-0.302605210420842 -0.738092923390911 -0.740811595781777
-0.298597194388778 -0.728947597391848 -0.73180829937437
-0.294589178356713 -0.71943728858905 -0.722437158547078
-0.290581162324649 -0.709565169184932 -0.712701056276093
-0.286573146292585 -0.69933462787966 -0.702603102558558
-0.282565130260521 -0.688749268640615 -0.692146634291653
-0.278557114228457 -0.677812909322447 -0.68133521495199
-0.274549098196393 -0.666529580138178 -0.670172634070979
-0.270541082164329 -0.654903521981902 -0.658662906502218
-0.266533066132265 -0.64293918460377 -0.646810271477354
-0.2625250501002 -0.630641224638058 -0.634619191447223
-0.258517034068136 -0.618014503485209 -0.622094350705527
-0.254509018036072 -0.605064085048915 -0.609240653792739
-0.250501002004008 -0.591795233329337 -0.596063223678363
-0.246492985971944 -0.57821340987377 -0.582567399720165
-0.24248496993988 -0.564324271086091 -0.568758735399437
-0.238476953907816 -0.550133665396496 -0.554642995831876
-0.234468937875752 -0.535647630293128 -0.540226155054137
-0.230460921843687 -0.520872389217298 -0.525514393086634
-0.226452905811623 -0.505814348324141 -0.510514092773652
-0.222444889779559 -0.490480093110624 -0.495231836402372
-0.218436873747495 -0.474876384912958 -0.47967440210291
-0.214428857715431 -0.459010157275571 -0.463848760031966
-0.210420841683367 -0.442888512193875 -0.447762068343229
-0.206412825651303 -0.426518716233219 -0.431421668948142
-0.202404809619238 -0.409908196526457 -0.414835083071169
-0.198396793587174 -0.393064536652724 -0.398010006604162
-0.19438877755511 -0.375995472400062 -0.380954305264933
-0.190380761523046 -0.358708887414661 -0.363676009565576
-0.186372745490982 -0.341212808739572 -0.346183309596554
-0.182364729458918 -0.32351540224584 -0.328484549633002
-0.178356713426854 -0.305624967959076 -0.310588222570096
-0.17434869739479 -0.287549935284628 -0.292502964194761
-0.170340681362725 -0.269298858134528 -0.27423754730135
-0.166332665330661 -0.250880409959528 -0.255800875659294
-0.162324649298597 -0.232303378689594 -0.237201977841041
-0.158316633266533 -0.213576661586327 -0.218450000918931
-0.154308617234469 -0.194709260010811 -0.199554204039896
-0.150300601202405 -0.17571027411052 -0.18052395188717
-0.146292585170341 -0.156588897428945 -0.161368708038384
-0.142284569138277 -0.137354411441672 -0.142098028229634
-0.138276553106212 -0.118016180022733 -0.122721553535269
-0.134268537074148 -0.0985836438450797 -0.103249003473272
-0.130260521042084 -0.0790663147191142 -0.0836901690462238
-0.12625250501002 -0.0594737698732445 -0.0640549057279113
-0.122244488977956 -0.0398156461805051 -0.044353126405654
-0.118236472945892 -0.0201016343353149 -0.0245947942884706
-0.114228456913828 -0.000341472984497789 -0.00478991579115394
-0.110220440881764 0.0194550571832663 0.0150514665957223
-0.106212424849699 0.0392781393853585 0.0349192814399264
-0.102204408817635 0.0591179267262637 0.0548034354960028
-0.0981963927855711 0.0789645482074694 0.0746938208183474
-0.094188376753507 0.0988081147619203 0.0945803218494254
-0.0901803607214429 0.118638725308704 0.114452822473843
-0.0861723446893787 0.138446472823622 0.134301213029216
-0.0821643286573146 0.158221450421285 0.154115397265034
-0.0781563126252505 0.177953757444352 0.173885299241
-0.0741482965931863 0.197633505555524 0.193600870156655
-0.0701402805611222 0.217250824827906 0.213252095104383
-0.0661322645290581 0.236795869829327 0.232828999738295
-0.0621242484969939 0.256258825696234 0.252321656851814
-0.0581162324649298 0.275629914192747 0.271720192857213
-0.0541082164328658 0.294899399750515 0.291014794160717
-0.0501002004008017 0.314057595484973 0.310195713427237
-0.0460921843687375 0.333094869183655 0.329253275729205
-0.0420841683366734 0.352001649262212 0.348177884574439
-0.0380761523046093 0.370768430683829 0.366960027808387
-0.0340681362725451 0.389385780837727 0.385590283386596
-0.030060120240481 0.407844345372507 0.404059325013644
-0.0260521042084169 0.426134853980076 0.422357927645309
-0.0220440881763527 0.444248126125998 0.440476972851133
-0.0180360721442886 0.462175076722066 0.458407454035059
-0.0140280561122245 0.479906721737026 0.476140481512218
-0.0100200400801603 0.49743418374135 0.493667287440432
-0.0060120240480962 0.514748697382073 0.510979230605403
-0.00200400801603207 0.531841614783699 0.528067801059007
0.00200400801603196 0.548704410871288 0.544924624610523
0.00601202404809609 0.565328688611879 0.561541467171015
0.0100200400801602 0.581706184170442 0.577910238951489
0.0140280561122244 0.597828771976667 0.594022998515804
0.0180360721442885 0.613688469698916 0.609871956689679
0.0220440881763526 0.629277443121778 0.625449480327435
0.0260521042084167 0.644588010923716 0.640748095938472
0.0300601202404809 0.659612649351372 0.655760493175711
0.034068136272545 0.674343996787211 0.670479528188526
0.0380761523046091 0.688774858207208 0.684898226842926
0.0420841683366733 0.702898209525433 0.699009787811932
0.0460921843687374 0.716707201822432 0.712807585539306
0.0501002004008015 0.730195165454407 0.726285173079927
0.0541082164328657 0.743355614040304 0.739436284820253
0.0581162324649298 0.75618224832399 0.752254839082378
0.0621242484969939 0.768668959908825 0.764734940615315
0.0661322645290581 0.780809834862003 0.776870882977114
0.0701402805611222 0.792599157186176 0.78865715081151
0.0741482965931863 0.80403141215595 0.800088422022718
0.0781563126252505 0.815101289516953 0.811159569852004
0.0821643286573146 0.825803686545302 0.821865664859548
0.0861723446893787 0.836133710965384 0.832201976815066
0.0901803607214429 0.846086683723987 0.842163976500492
0.094188376753507 0.855658141618921 0.851747337427912
0.0981963927855711 0.864843839780415 0.860947937475756
0.102204408817635 0.873639754003632 0.869761860446069
0.106212424849699 0.882042082930829 0.878185397545448
0.110220440881764 0.890047250081757 0.886215048792047
0.114228456913828 0.897651905731032 0.893847524350746
0.118236472945892 0.904852928631338 0.901079745798346
0.122244488977956 0.911647427581425 0.907908847320361
0.12625250501002 0.918032742838001 0.914332176840673
0.130260521042084 0.924006447370726 0.920347297085026
0.134268537074148 0.929566347959657 0.925951986578986
0.138276553106212 0.934710486134588 0.931144240580712
0.142284569138277 0.939437138955887 0.93592227194851
0.146292585170341 0.943744819636519 0.940284511942827
0.150300601202405 0.947632278005099 0.944229610962011
0.154308617234469 0.951098500809917 0.947756439210813
0.158316633266533 0.954142711864014 0.95086408730028
0.162324649298597 0.956764372031513 0.953551866777362
0.166332665330661 0.958963179055517 0.955819310582228
0.170340681362726 0.960739067228021 0.957666173430984
0.17434869739479 0.962092206902401 0.959092432121161
0.178356713426854 0.963023003849163 0.960098285757088
0.182364729458918 0.963532098455759 0.960684155891951
0.186372745490982 0.96362036477139 0.960850686583106
0.190380761523046 0.963288909397831 0.960598744356976
0.19438877755511 0.962539070227448 0.959929418079616
0.198396793587174 0.961372415029666 0.958844018728872
0.202404809619239 0.959790739887285 0.957344079063842
0.206412825651303 0.957796067484133 0.95543135318724
0.210420841683367 0.955390645245676 0.953107815996099
0.214428857715431 0.952576943334299 0.950375662516188
0.218436873747495 0.949357652501087 0.947237307115416
0.222444889779559 0.945735681796042 0.943695382591492
0.226452905811623 0.941714156138772 0.939752739129054
0.230460921843687 0.937296413751798 0.935412443121556
0.234468937875751 0.932486003458706 0.930677775853196
0.238476953907816 0.927286681849505 0.925552232036296
0.24248496993988 0.921702410315604 0.920039518199626
0.246492985971944 0.915737351956954 0.914143550923336
0.250501002004008 0.909395868363963 0.907868454916304
0.254509018036072 0.902682516276905 0.90121856093196
0.258517034068136 0.895602044125601 0.894198403518831
0.2625250501002 0.888159388452275 0.886812718602358
0.266533066132264 0.880359670220526 0.879066440894829
0.270541082164329 0.87220819101346 0.870964701130567
0.274549098196393 0.863710429124105 0.862512823123912
0.278557114228457 0.854872035541291 0.853716320647866
0.282565130260521 0.845698829834248 0.844580894131708
0.286573146292585 0.836196795939262 0.835112427176298
0.290581162324649 0.826372077851757 0.825316982886232
0.294589178356713 0.816230975227282 0.815200800018494
0.298597194388778 0.805779938894884 0.804770288947719
0.302605210420842 0.795025566286449 0.794032027448695
0.306613226452906 0.783974596785621 0.782992756297247
0.31062124248497 0.77263390699997 0.771659374691163
0.314629258517034 0.761010505960101 0.760038935493379
0.318637274549098 0.749111530249487 0.748138640300171
0.322645290581162 0.736944239068787 0.735965834337654
0.326653306613226 0.724516009238501 0.723528001190449
0.330661322645291 0.711834330143808 0.710832757366932
0.334669338677355 0.698906798625479 0.697887846706015
0.338677354709419 0.68574111382079 0.684701134630981
0.342685370741483 0.672345071958357 0.671280602256419
0.346693386773547 0.658726561110868 0.657634340354839
0.350701402805611 0.64489355590967 0.643770543190061
0.354709418837675 0.630854112225207 0.629697502224996
0.35871743486974 0.616616361817303 0.615423599711891
0.362725450901804 0.60218850695928 0.600957302173611
0.366733466933868 0.587578815039938 0.586307153784955
0.370741482965932 0.572795613147373 0.571481769663439
0.374749498997996 0.55784728263865 0.556489829079365
0.37875751503006 0.542742253699321 0.54134006859537
0.382765531062124 0.527488999896757 0.526041275145998
0.386773547094188 0.512096032731277 0.510602279068113
0.390781563126253 0.496571896189016 0.495031947093287
0.394789579158317 0.480925161300461 0.479339175313496
0.398797595190381 0.465164420708565 0.463532882131689
0.402805611222445 0.449298283250322 0.44762200120894
0.406813627254509 0.43333536855565 0.431615474420028
0.410821643286573 0.417284301667395 0.415522244829357
0.414829659318637 0.401153707686255 0.399351249699213
0.418837675350701 0.384952206444353 0.383111413542296
0.422845691382766 0.368688407211166 0.366811641230479
0.42685370741483 0.35237090343548 0.350460811171643
0.430861723446894 0.336008267526961 0.334067768566301
0.434869739478958 0.319609045680927 0.317641318755567
0.438877755511022 0.303181752749816 0.301190220671836
0.442885771543086 0.286734867164813 0.284723180403237
0.44689378757515 0.270276825911028 0.268248844882698
0.450901803607214 0.253816019559557 0.251775795712049
0.454909819639278 0.237360787359723 0.235312543131308
0.458917835671343 0.220919412394678 0.218867520142782
0.462925851703407 0.204500116803526 0.202449076799262
0.466933867735471 0.188111057073038 0.186065474665038
0.470941883767535 0.171760319401956 0.16972488145798
0.474949899799599 0.155455915140817 0.153435365880368
0.478957915831663 0.139205776310152 0.137204892645576
0.482965931863727 0.12301775119983 0.121041317707108
0.486973947895792 0.106899600052242 0.104952383695856
0.490981963927856 0.0908589908319483 0.0889457155707848
0.49498997995992 0.0749034950843111 0.0730288164875779
0.498997995991984 0.059040583885563 0.0572090638890868
0.503006012024048 0.0432776238866743 0.0414937058207093
0.507014028056112 0.0276218734532897 0.025889857473106
0.511022044088176 0.0120804789039242 0.0104044979539307
0.51503006012024 -0.00333952915148989 -0.00495553271048751
0.519038076152305 -0.0186312393707002 -0.0201835363433116
0.523046092184369 -0.0337878631339641 -0.0352729591557591
0.527054108216433 -0.0488027378927898 -0.0502173940573406
0.531062124248497 -0.0636693304108657 -0.0650105827397896
0.535070140280561 -0.07838123989555 -0.0796464175374221
0.539078156312625 -0.0929322010183853 -0.094118943067373
0.543086172344689 -0.107316086823198 -0.108422357653857
0.547094188376753 -0.121526911520446 -0.12255101454127
0.551102204408818 -0.135558833166568 -0.136499422901618
0.555110220440882 -0.14940615622719 -0.150262248642372
0.559118236472946 -0.163063334023144 -0.163834315021464
0.56312625250501 -0.176524971058343 -0.177210603076718
0.567134268537074 -0.189785825228667 -0.190386251877538
0.571142284569138 -0.20284080991111 -0.20335655860719
0.575150300601202 -0.215684995932517 -0.216116978484477
0.579158316633267 -0.228313613417381 -0.228663124534055
0.583166332665331 -0.240722053514222 -0.240990767214983
0.587174348697395 -0.252905870000194 -0.253095833917507
0.591182364729459 -0.264860780763653 -0.264974408338303
0.595190380761523 -0.276582669164531 -0.276622729744719
0.599198396793587 -0.288067585272433 -0.288037192138713
0.603206412825651 -0.299311746982486 -0.299214343331368
0.607214428857715 -0.310311541009068 -0.310150883938942
0.61122244488978 -0.321063523757619 -0.320843666311492
0.615230460921844 -0.331564422074849 -0.331289693405067
0.619238476953908 -0.341811133877747 -0.34148611760847
0.623246492985972 -0.351800728661874 -0.351430239535426
0.627254509018036 -0.361530447889518 -0.361119506792886
0.6312625250501 -0.370997705258402 -0.370551512735953
0.635270541082164 -0.380200086851673 -0.37972399521968
0.639278557114229 -0.389135351170048 -0.388634835357684
0.643286573146293 -0.397801429047017 -0.397282056297136
0.647294589178357 -0.406196423448139 -0.405663822019322
0.651302605210421 -0.414318609155518 -0.413778436174497
0.655310621242485 -0.42216643233863 -0.421624340959257
0.659318637274549 -0.429738510012767 -0.429200116044152
0.663326653306613 -0.437033629386417 -0.436504477558645
0.667334669338677 -0.444050747099005 -0.443536277139945
0.671342685370741 -0.450788988350463 -0.450294501051584
0.675350701402806 -0.457247645924181 -0.456778269376935
0.67935871743487 -0.463426179104983 -0.462986835292158
0.683366733466934 -0.469324212493795 -0.468919584422341
0.687374749498998 -0.474941534720782 -0.474576034283826
0.691382765531062 -0.480278097058762 -0.479955833814992
0.695390781563126 -0.485334011938801 -0.485058762996903
0.69939879759519 -0.490109551369911 -0.489884732564506
0.703406813627254 -0.494605145264876 -0.494433783808215
0.707414829659319 -0.498821379674239 -0.498706088464923
0.711422845691383 -0.5027589949306 -0.50270194869666
0.715430861723447 -0.506418883705343 -0.506421797154338
0.719438877755511 -0.509802088980045 -0.50986619712319
0.723446893787575 -0.5129098019348 -0.513035842745756
0.727454909819639 -0.51574335975578 -0.515931559317471
0.731462925851703 -0.518304243364369 -0.518554303649169
0.735470941883767 -0.520594075070256 -0.520905164490094
0.739478957915832 -0.522614616150926 -0.522985363004295
0.743486973947896 -0.524367764359989 -0.524796253292606
0.74749498997996 -0.525855551366855 -0.526339322951793
0.751503006012024 -0.527080140130266 -0.527616193661815
0.755511022044088 -0.528043822208254 -0.528628621791618
0.759519038076152 -0.528749015007078 -0.529378499013339
0.763527054108216 -0.529198258971765 -0.529867852914322
0.767535070140281 -0.529394214720858 -0.530098847595948
0.771543086172345 -0.529339660128027 -0.530073784247878
0.775551102204409 -0.529037487353184 -0.529795101685998
0.779559118236473 -0.528490699825785 -0.52926537684211
0.783567134268537 -0.527702409183 -0.528487325193166
0.787575150300601 -0.526675832165435 -0.527463801117733
0.791583166332665 -0.525414287473113 -0.526197798167259
0.795591182364729 -0.523921192584411 -0.524692449239703
0.799599198396794 -0.522200060540665 -0.522951026643102
0.803607214428858 -0.520254496699139 -0.520976942036779
0.807615230460922 -0.518088195457078 -0.518773746238007
0.811623246492986 -0.515704936949521 -0.516345128882217
0.81563126252505 -0.513108583723586 -0.513694917925072
0.819639278557114 -0.510303077391903 -0.510827078975106
0.823647294589178 -0.507292435267866 -0.507745714446009
0.827655310621243 -0.504080746985367 -0.50445506251812
0.831663326653307 -0.500672171105653 -0.500959495899183
0.835671342685371 -0.497070931713938 -0.497263520375025
0.839679358717435 -0.493281315008376 -0.493371773141421
0.843687374749499 -0.489307665883973 -0.489289020909097
0.847695390781563 -0.485154384514022 -0.485020157774546
0.851703406813627 -0.480825922931578 -0.480570202850118
0.855711422845691 -0.4763267816135 -0.475944297647636
0.859719438877756 -0.471661506069531 -0.471147703210664
0.86372745490982 -0.466834683438885 -0.46618579699144
0.867735470941884 -0.461850939096742 -0.461064069469388
0.871743486973948 -0.456714933273055 -0.455788120509118
0.875751503006012 -0.451431357686001 -0.450363655456742
0.879759519038076 -0.446004932192419 -0.444796480974369
0.88376753507014 -0.440440401457476 -0.439092500613647
0.887775551102205 -0.434742531645821 -0.43325771013022
0.891783567134268 -0.428916107136415 -0.427298192542024
0.895791583166333 -0.422965927263179 -0.421220112935362
0.899799599198397 -0.41689680308358 -0.415029713023748
0.903807615230461 -0.410713554177203 -0.408733305465502
0.907815631262525 -0.40442100547634 -0.402337267947132
0.911823647294589 -0.398023984130539 -0.395848037040513
0.915831663326653 -0.391527316407057 -0.389272101842858
0.919839679358717 -0.384935824629063 -0.382615997409447
0.923847695390781 -0.378254324153416 -0.375886297989994
0.927855711422846 -0.371487620389792 -0.369089610080428
0.93186372745491 -0.364640505862844 -0.362232565302751
0.935871743486974 -0.357717757319085 -0.355321813126423
0.939879759519038 -0.350724132880081 -0.348364013445536
0.943887775551102 -0.343664369243492 -0.341365829026745
0.947895791583166 -0.336543178933478 -0.334333917843632
0.95190380761523 -0.329365247601885 -0.327274925313776
0.955911823647295 -0.322135231381597 -0.320195476455422
0.959919839679359 -0.314857754293379 -0.313102167981102
0.963927855711423 -0.307537405707463 -0.306001560346062
0.967935871743487 -0.300178737861098 -0.298900169769726
0.971943887775551 -0.29278626343319 -0.29180446024873
0.975951903807615 -0.285364453177141 -0.28472083558037
0.979959919839679 -0.277917733612895 -0.277655631415455
0.983967935871743 -0.270450484779178 -0.270615107359708
0.987975951903808 -0.262967038046825 -0.263605439142903
0.991983967935872 -0.255471673994054 -0.256632710874927
0.995991983967936 -0.247968620344479 -0.249702907407848
1 -0.240462049968584 -0.242821906822956
