0 0 -7.34371952004209E-05 1 0.999773922563766
0.00629577686090139 0.00629573527023584 0.00622254854265344 0.99998018166232 1.00028061594624
0.0125915537218028 0.0125912209984566 0.0125215017886989 0.999920727434814 1.00071672506914
0.0188873305827042 0.0188862076525383 0.0188229801496766 0.99982163967405 1.0010828844669
0.0251831074436056 0.0251804457201385 0.0251265452742599 0.999682922307536 1.00137974351017
0.0314788843045069 0.0314736857185863 0.0314317629443896 0.999504580833569 1.00160796574553
0.0377746611654083 0.0377656782047709 0.0377382031624066 0.99928662232101 1.00176822822125
0.0440704380263097 0.0440561737850288 0.0440454402338976 0.999029055409012 1.0018612207997
0.0503662148872111 0.0503449231250287 0.0503530528461736 0.99873189030667 1.00188764545713
0.0566619917481125 0.0566316769596548 0.0566606241422987 0.998395138792621 1.00184821557158
0.0629577686090139 0.0629161861028862 0.0629677417906032 0.998018814214575 1.00174365519964
0.0692535454699153 0.0691982014576741 0.0692739980496099 0.997602931488788 1.00157469834287
0.0755493223308167 0.0754774740258154 0.0755789898283095 0.997147507099467 1.00134208820473
0.0818450991917181 0.0817537549178218 0.0818823187417328 0.996652559098123 1.0010465764387
0.0881408760526194 0.0880267953627852 0.088183591161762 0.996118107102847 1.00068892238874
0.0944366529135208 0.0942963467182378 0.0944824182631389 0.99554417229754 1.00026989232256
0.100732429774422 0.100562160480008 0.100778416064626 0.99493077743107 0.999790258659039
0.107028206635324 0.10682398829207 0.107071205465285 0.99427794681637 0.999250799190339
0.113323983496225 0.113081581956387 0.113360412275849 0.993585706329475 0.998652296299886
0.119619760357126 0.119334693442751 0.119645667245157 0.992854083408496 0.997995536177079
0.125915537218028 0.125583074898612 0.125926606081633 0.992083107052534 0.997281308029704
0.132211314078929 0.131826478658903 0.132202869469813 0.991272807820528 0.996510403295053
0.138507090939831 0.138064657255855 0.138474103081891 0.990423217830046 0.99568361485074
0.144802867800732 0.144297363428809 0.144739957584307 0.989534370756011 0.99480173622622
0.151098644661633 0.150524350134013 0.151000088639375 0.988606301829365 0.993865560816043
0.157394421522535 0.156745370554418 0.157254156901958 0.987639047835675 0.992875881095862
0.163690198383436 0.162960178109456 0.163501828011234 0.986632647113673 0.99183348784224
0.169985975244338 0.169168526464817 0.169742772577544 0.98558713955374 0.990739169357294
0.176281752105239 0.175370169542214 0.175976666164398 0.984502566596317 0.989593710699237
0.18257752896614 0.181564861529134 0.182203189265641 0.983378971230271 0.988397892919842
0.188873305827042 0.18775235688858 0.188422027277854 0.982216397991188 0.987152492309918
0.195169082687943 0.193932410368808 0.194632870468026 0.981014892959605 0.98585827965381
0.201464859548844 0.200104777013045 0.200835413936566 0.979774503759186 0.984516019494003
0.207760636409746 0.206269212169197 0.207029357575721 0.978495279554837 0.983126469406851
0.214056413270647 0.21242547149955 0.213214406023468 0.977177271050751 0.981690379290488
0.220352190131549 0.218573310990451 0.219390268612972 0.975820530488405 0.980208490665933
0.22664796699245 0.224712486961982 0.225556659317674 0.974425111644482 0.978681535992429
0.232943743853351 0.230842756077618 0.231713296692132 0.972991069828747 0.977110237998003
0.239239520714253 0.236963875353873 0.237859903808688 0.971518461881849 0.975495309026263
0.245535297575154 0.243075602169928 0.243996208190076 0.970007346173072 0.973837450400395
0.251831074436056 0.249177694277252 0.250121941738091 0.968457782598019 0.972137351805331
0.258126851296957 0.255269909809201 0.256236840658414 0.966869832576238 0.970395690689027
0.264422628157858 0.261352007290607 0.262340645381749 0.965243559048788 0.968613131683776
0.27071840501876 0.267423745647344 0.26843310048136 0.963579026475745 0.966790326048452
0.277014181879661 0.273484884215892 0.274513954587185 0.961876300833647 0.964927911132551
0.283309958740563 0.279535182752869 0.280582960296635 0.960135449612876 0.963026509862896
0.289605735601464 0.285574401444555 0.286639874082233 0.958356541814989 0.961086730253799
0.295901512462365 0.291602300916401 0.292684456196258 0.956539647949974 0.959109164941481
0.302197289323267 0.297618642242511 0.298716470572523 0.954684840033466 0.957094390743507
0.308493066184168 0.303623186955117 0.304735684725461 0.952792191583883 0.955042968243946
0.314788843045069 0.309615697054031 0.310741869646696 0.950861777619516 0.952955441404948
0.321084619905971 0.315595935016074 0.316734799699233 0.948893674655559 0.950832337205385
0.327380396766872 0.321563663804496 0.322714252509476 0.946887960701069 0.94867416530716
0.333676173627774 0.327518646878369 0.328680008857225 0.944844715255879 0.946481417749756
0.339971950488675 0.333460648201961 0.334631852563846 0.942764019307445 0.944254568673542
0.346267727349576 0.339389432254095 0.340569570378782 0.940645955327637 0.941994074072326
0.352563504210478 0.345304764037483 0.346492951864612 0.93849060726947 0.939700371575588
0.358859281071379 0.351206409088038 0.352401789280822 0.936298060563775 0.937373880260771
0.365155057932281 0.357094133484172 0.358295877466496 0.934068402115813 0.935015000495992
0.371450834793182 0.362967703856065 0.364175013722113 0.931801720301833 0.932624113813441
0.377746611654083 0.368826887394913 0.370038997690636 0.929498104965567 0.930201582813736
0.384042388514985 0.374671451862163 0.375887631238115 0.927157647414666 0.927747751101393
0.390338165375886 0.380501165598708 0.38172071833396 0.924780440417089 0.925262943251578
0.396633942236788 0.386315797534079 0.387538064931119 0.922366578197415 0.922747464808214
0.402929719097689 0.392115117195597 0.393339478846339 0.919916156433119 0.920201602313465
0.40922549595859 0.397898894717511 0.399124769640707 0.917429272250773 0.917625623368592
0.415521272819492 0.403666900850109 0.404893748500678 0.914906024222198 0.915019776726089
0.421817049680393 0.409418906968805 0.410646228119778 0.912346512360556 0.912384292412966
0.428112826541294 0.415154685083199 0.416382022581183 0.909750838116388 0.909719381885003
0.434408603402196 0.420874007846116 0.422100947241366 0.907119104373592 0.907025238211699
0.440704380263097 0.426576648562618 0.427802818614999 0.904451415445343 0.904302036291654
0.447000157123999 0.432262381198984 0.433487454261313 0.901747877069962 0.901549933097979
0.4532959339849 0.437930980391677 0.439154672672095 0.899008596406722 0.898769067953366
0.459591710845801 0.44358222145627 0.444804293161503 0.896233682031601 0.895959562834307
0.465887487706703 0.449215880396357 0.450436135757897 0.893423243932978 0.893121522703952
0.472183264567604 0.454831733912425 0.45605002109784 0.890577393507278 0.890255035873037
0.478479041428506 0.460429559410714 0.461645770322476 0.887696243554548 0.887360174388215
0.484774818289407 0.46600913501203 0.467223204976422 0.884779908273996 0.88443699444712
0.491070595150308 0.471570239560547 0.472782146909359 0.881828503259454 0.881485536839423
0.49736637201121 0.477112652632569 0.47832241818049 0.878842145494806 0.878505827413062
0.503662148872111 0.48263615454527 0.483843840965991 0.875820953349345 0.875497877564827
0.509957925733012 0.488140526365395 0.489346237469647 0.872765046573082 0.872461684754376
0.516253702593914 0.493625549917948 0.494829429836773 0.869674546292004 0.869397233040755
0.522549479454815 0.499091007794829 0.500293240071603 0.866549575003266 0.866304493640424
0.528845256315717 0.50453668336346 0.505737489958238 0.863390256570341 0.863183425505742
0.535141033176618 0.509962360775365 0.511162000985313 0.860196716218108 0.860033975922843
0.541436810037519 0.515367824974731 0.516566594274472 0.856969080527889 0.856856081127765
0.547732586898421 0.520752861706927 0.521951090512792 0.853707477432432 0.853649666939679
0.554028363759322 0.526117257527001 0.527315309889228 0.85041203621084 0.850414649410001
0.560324140620224 0.531460799808138 0.532659072035204 0.847082887483447 0.847150935486168
0.566619917481125 0.536783276750087 0.537982195969423 0.84372016320664 0.843858423688782
0.572915694342026 0.542084477387557 0.543284500046972 0.84032399666763 0.840537004800841
0.579211471202928 0.547364191598579 0.54856580191281 0.836894522479168 0.8371865625677
0.585507248063829 0.552622210112835 0.553825918459687 0.833431876574208 0.833806974406425
0.591803024924731 0.557858324519953 0.559064665790558 0.829936196200522 0.830398112123149
0.598098801785632 0.563072327277765 0.564281859185532 0.826407619915258 0.826959842637007
0.604394578646533 0.568264011720537 0.569477313073398 0.822846287579449 0.823492028709266
0.610690355507435 0.573433172067158 0.574650841007756 0.819252340352468 0.81999452967617
0.616986132368336 0.578579603429298 0.579802255647762 0.815625920686436 0.816467202184079
0.623281909229238 0.583703101819527 0.584931368743516 0.811967172320571 0.812909900925425
0.629577686090139 0.588803464159403 0.59003799112607 0.808276240275493 0.809322479374029
0.63587346295104 0.593880488287519 0.595121932702069 0.80455327084748 0.805704790518304
0.642169239811942 0.598933972967519 0.600183002452991 0.80079841160266 0.80205668759086
0.648465016672843 0.60396371789607 0.605221008438974 0.797011811371172 0.798378024793077
0.654760793533745 0.608969523710807 0.610235757807172 0.793193620241258 0.794668658013142
0.661056570394646 0.613951191998228 0.615227056804621 0.789343989553322 0.790928445536139
0.667352347255547 0.618908525301566 0.620194710795534 0.785463071893925 0.787157248744709
0.673648124116449 0.623841327128609 0.625138524282987 0.781551021089741 0.783354932808903
0.67994390097735 0.628749401959493 0.630058300934898 0.777607992201456 0.779521367363777
0.686239677838251 0.633632555254449 0.634953843614238 0.773634141517628 0.775656427173385
0.692535454699153 0.638490593461515 0.639824954413373 0.769629626548486 0.771759992779776
0.698831231560054 0.643323324024208 0.64467143469244 0.765594606019689 0.767831951135706
0.705127008420956 0.648130555389156 0.649493085121654 0.761529239866037 0.763872196219727
0.711422785281857 0.652912097013689 0.65428970572743 0.757433689225127 0.759880629632421
0.717718562142758 0.657667759373395 0.659061095942192 0.753308116430972 0.755857161172541
0.72401433900366 0.662397353969628 0.663807054657743 0.749152685007559 0.751801709391874
0.730310115864561 0.667100693336983 0.668527380282067 0.744967559662376 0.747714202127695
0.736605892725463 0.671777591050724 0.673221870799394 0.740752906279878 0.743594577011703
0.742901669586364 0.676427861734175 0.677890323833409 0.736508891914912 0.739442781954422
0.749197446447265 0.681051321066066 0.682532536713419 0.732235684786098 0.735258775604033
0.755493223308167 0.685647785787841 0.687148306543333 0.72793345426916 0.731042527778751
0.761789000169068 0.69021707371092 0.691737430273273 0.723602370890211 0.726794019871818
0.768084777029969 0.694759003723921 0.696299704773649 0.719242606318998 0.722513245228323
0.774380553890871 0.699273395799838 0.700834926911518 0.714854333362094 0.718200209493081
0.780676330751772 0.703760071003178 0.705342893629036 0.710437725956049 0.713854930928869
0.786972107612674 0.708218851497053 0.70982340202382 0.705992959160497 0.70947744070439
0.793267884473575 0.712649560550228 0.714276249431028 0.701520209151217 0.70506778315142
0.799563661334476 0.717052022544126 0.718701233506958 0.697019653213149 0.700626015990615
0.805859438195378 0.721426062979791 0.723098152313967 0.692491469733367 0.696152210525578
0.812155215056279 0.725771508484802 0.727466804406516 0.68793583819401 0.691646451804832
0.818450991917181 0.730088186820146 0.731806988918127 0.683352939165167 0.687108838751409
0.824746768778082 0.734375926887045 0.73611850564906 0.678742954297718 0.682539484259868
0.831042545638983 0.738634558733738 0.740401155154491 0.674106066316137 0.6779385152606
0.837338322499885 0.742863913562218 0.744654738832994 0.669442459011248 0.67330607275138
0.843634099360786 0.747063823734919 0.748879059015124 0.664752317232939 0.668642311796172
0.849929876221687 0.751234122781366 0.753073919051883 0.660035826882837 0.663947401491316
0.856225653082589 0.75537464540477 0.757239123402872 0.65529317490694 0.659221524899238
0.86252142994349 0.759485227488579 0.761374477723924 0.650524549288204 0.654464878949962
0.868817206804392 0.763565706102986 0.765479788954023 0.645730139039094 0.649677674310749
0.875112983665293 0.767615919511385 0.76955486540129 0.640910134194094 0.64486013522426
0.881408760526194 0.771635707176781 0.773599516827868 0.63606472580217 0.640012499315726
0.887704537387096 0.775624909768156 0.777613554533482 0.631194105919201 0.63513501736969
0.894000314247997 0.779583369166782 0.781596791437509 0.626298467600368 0.630227953076935
0.900296091108899 0.783510928472489 0.785549042159358 0.621378004892496 0.6252915827523
0.9065918679698 0.787407432009883 0.789470123096989 0.616432912826369 0.62032619502417
0.912887644830701 0.791272725334519 0.79335985250338 0.611463387408995 0.615332090496451
0.919183421691603 0.79510665523902 0.797218050560796 0.606469625615841 0.610309581383969
0.925479198552504 0.798909069759152 0.801044539452668 0.60145182538302 0.605258991122234
0.931774975413406 0.802679818179843 0.804839143432944 0.596410185599453 0.600180653952625
0.938070752274307 0.806418751041164 0.808601688892753 0.591344906098977 0.595074914484083
0.944366529135208 0.810125720144247 0.812332004424239 0.586256187652434 0.589942127232463
0.95066230599611 0.813800578557159 0.816029920881425 0.581144231959703 0.584782656138756
0.956958082857011 0.817443180620732 0.819695271437986 0.576009241641713 0.579596874067448
0.963253859717913 0.82105338195433 0.823327891641795 0.570851420232407 0.574385162286313
0.969549636578814 0.824631039461575 0.826927619466153 0.56567097217068 0.569147909929012
0.975845413439715 0.828176011336017 0.830494295357569 0.560468102792268 0.563885513441886
0.982141190300617 0.831688157066758 0.834027762280029 0.555243018321617 0.558598376016394
0.988436967161518 0.835167337444017 0.837527865755631 0.549995925863703 0.553286907008662
0.99473274402242 0.83861341456465 0.840994453901547 0.544727033395827 0.547951521347663
1.00102852088332 0.842026251837619 0.844427377463213 0.539436549759368 0.542592638933551
1.00732429774422 0.845405713989399 0.847826489843718 0.534124684651509 0.537210684027729
1.01362007460512 0.848751667069347 0.851191647129314 0.528791648616924 0.531806084636219
1.01991585146602 0.852063978455006 0.854522708111043 0.52343765303943 0.526379271887946
1.02621162832693 0.855342516857367 0.857819534302429 0.518062910133611 0.520930679409544
1.03250740518783 0.858587152326065 0.861081989953233 0.512667632936407 0.515460742698304
1.03880318204873 0.861797756254539 0.864309942059251 0.50725203529867 0.509969898494901
1.04509895890963 0.864974201385122 0.86750326036817 0.501816331876683 0.504458584157516
1.05139473577053 0.868116361814092 0.870661817381498 0.496360738123661 0.498927237038983
1.05769051263143 0.871224112996653 0.87378548835258 0.4908854702812 0.493376293868576
1.06398628949233 0.874297331751883 0.876874151280738 0.485390745370715 0.487806190140035
1.07028206635324 0.877335896267606 0.87992768690159 0.479876781184833 0.482217359507425
1.07657784321414 0.880339686105228 0.88294597867359 0.474343796278763 0.476610233190388
1.08287362007504 0.883308582204506 0.885928912760857 0.468792009961631 0.470985239390326
1.08916939693594 0.886242466888268 0.888876378012365 0.463221642287789 0.465342802719038
1.09546517379684 0.889141223867081 0.891788265937585 0.457632914048092 0.459683343641279
1.10176095065774 0.892004738243855 0.894664470678659 0.452026046761148 0.454007277932688
1.10805672751864 0.8948328965184 0.897504888979218 0.446401262664534 0.448315016154476
1.11435250437955 0.897625586591925 0.900309420149941 0.440758784705991 0.442606963146253
1.12064828124045 0.90038269777148 0.903077966030994 0.435098836534588 0.436883517538271
1.12694405810135 0.903104120774344 0.905810430951452 0.429421642491851 0.431145071284355
1.13323983496225 0.905789747732357 0.908506721685855 0.423727427602879 0.425392009216726
1.13953561182315 0.908439472196195 0.911166747408027 0.418016417567418 0.419624708623841
1.14583138868405 0.911053189139591 0.913790419642318 0.412288838750919 0.413843538852337
1.15212716554495 0.913630794963493 0.916377652212421 0.406544918175564 0.408048860934095
1.15842294240586 0.916172187500177 0.918928361187908 0.400784883511269 0.402241027239362
1.16471871926676 0.918677266017291 0.921442464828689 0.395008963066656 0.396420381156808
1.17101449612766 0.921145931221853 0.923919883527522 0.389217385780011 0.390587256801323
1.17731027298856 0.92357808526418 0.926360539750786 0.383410381210201 0.384741978750273
1.18360604984946 0.925973631741772 0.928764357977683 0.377588179527582 0.378884861808868
1.18990182671036 0.928332475703132 0.931131264638047 0.371751011504871 0.373016210805212
1.19619760357126 0.930654523651526 0.933461188048971 0.365899108508002 0.367136320415516
1.20249338043217 0.932939683548695 0.935754058350421 0.360032702486956 0.361245475019885
1.20878915729307 0.935187864818497 0.938009807440038 0.354152025966562 0.355343948589002
1.21508493415397 0.937398978350501 0.940228368907332 0.348257312037287 0.349432004601938
1.22138071101487 0.939572936503518 0.942409677967448 0.342348794345994 0.34350989599524
1.22767648787577 0.941709653109075 0.944553671394718 0.336426707086679 0.337577865143377
1.23397226473667 0.943809043474828 0.946660287456185 0.330491284991193 0.331636143870496
1.24026804159757 0.945871024387924 0.948729465845296 0.324542763319935 0.325684953493403
1.24656381845848 0.947895514118295 0.950761147615972 0.318581377852526 0.31972450489556
1.25285959531938 0.949882432421897 0.952755275117231 0.312607364878469 0.313754998631834
1.25915537218028 0.951831700543896 0.954711791928574 0.306620961187774 0.307776625063606
1.26545114904118 0.953743241221784 0.956630642796311 0.300622404061583 0.301789564523824
1.27174692590208 0.955616978688443 0.958511773571024 0.294611931262756 0.295793987511434
1.27804270276298 0.957452838675151 0.960355131146337 0.288589781026453 0.289790054914604
1.28433847962388 0.959250748414519 0.962160663399192 0.282556192050687 0.283777918262029
1.29063425648478 0.961010636643385 0.963928319131781 0.276511403486866 0.277757720001538
1.29693003334569 0.962732433605629 0.965658048015323 0.270455654930312 0.271729593805184
1.30322581020659 0.964416071054944 0.967349800535844 0.264389186410765 0.265693664899859
1.30952158706749 0.966061482257539 0.96900352794211 0.258312238382866 0.259650050422461
1.31581736392839 0.967668601994785 0.970619182195876 0.252225051716634 0.253598859798548
1.32211314078929 0.969237366565798 0.972196715924589 0.246127867687909 0.247540195143347
1.32840891765019 0.970767713789966 0.973736082376678 0.240020927968797 0.241474151683921
1.33470469451109 0.972259583009414 0.975237235379576 0.233904474618082 0.235400818201263
1.341000471372 0.973712915091404 0.976700129300569 0.227778750071642 0.22932027749099
1.3472962482329 0.975127652430686 0.978124719010617 0.221643997132832 0.223232606841289
1.3535920250938 0.976503738951775 0.979510959851223 0.215500458962862 0.217137878526714
1.3598878019547 0.977841120111175 0.980858807604462 0.20934837907116 0.211036160316365
1.3661835788156 0.979139742899545 0.982168218466248 0.20318800130572 0.204927515994982
1.3724793556765 0.980399555843793 0.983439149022923 0.197019569843436 0.198812005895402
1.3787751325374 0.981620509009125 0.984671556231223 0.190843329180422 0.19268968744084
1.38507090939831 0.982802554001014 0.985865397401693 0.184659524122324 0.186560615695398
1.39136668625921 0.983945643967129 0.987020630185583 0.178468399774617 0.180424843921185
1.39766246312011 0.985049733599182 0.988137212565267 0.172270201532887 0.174282424140438
1.40395823998101 0.986114779134731 0.989215102848223 0.166065175073104 0.168133407700987
1.41025401684191 0.987140738358913 0.990254259664567 0.159853566341888 0.161977845843414
1.41654979370281 0.988127570606114 0.991254641968165 0.153635621546758 0.155815790268269
1.42284557056371 0.989075236761586 0.99221620904131 0.147411587146373 0.14964729370165
1.42914134742462 0.989983699262992 0.99313892050295 0.141181709840765 0.143472410457541
1.43543712428552 0.990852922101899 0.994022736320447 0.134946236561556 0.137291196995236
1.44173290114642 0.991682870825204 0.994867616824815 0.128705414462178 0.13110371247023
1.44802867800732 0.992473512536499 0.995673522729416 0.12245949090807 0.124910019276983
1.45432445486822 0.993224815897374 0.996440415152026 0.116208713466876 0.118710183581953
1.46062023172912 0.993936751128663 0.997168255640237 0.109953329898633 0.112504275845358
1.46691600859002 0.99460929001162 0.997857006200101 0.103693588145948 0.106292371330134
1.47321178545093 0.995242405889039 0.998506629327924 0.0974297363241724 0.100074550596615
1.47950756231183 0.995836073666312 0.999117088045142 0.0911620227115679 0.0938508999814698
1.48580333917273 0.996390269812421 0.999688345936145 0.0848906957394639 0.0876215120595276
1.49209911603363 0.996904972360875 1.00022036718896 0.0786160039824121 0.0813864860871045
1.49839489289453 0.997380160910575 1.00071311663865 0.0723381961483324 0.0751459284255653
1.50469066975543 0.997815816626628 1.00116655981336 0.0660575210686558 0.0688999529438663
1.51098644661633 0.998211922241088 1.00158066298272 0.0597742276884616 0.0626486813988981
1.51728222347723 0.998568462053646 1.00195539320873 0.0534885650566094 0.0563922437925225
1.52357800033814 0.99888542193225 1.00229071839867 0.0472007823158687 0.0501307787042453
1.52987377719904 0.999162789313664 1.0025866073601 0.0409111286930428 0.0438644335985515
1.53616955405994 0.999400553203966 1.00284302985768 0.0346198534890903 0.0375933651059992
1.54246533092084 0.999598704178987 1.00305995667175 0.0283272060692441 0.0313177392772348
1.54876110778174 0.999757234384681 1.00323735965827 0.022033435853127 0.0250377318091874
1.55505688464264 0.999876137537437 1.00337521181029 0.0157387923048658 0.0187535282427632
1.56135266150354 0.99995540892433 1.00347348732039 0.00944352492320368 0.0124653241314528
1.56764843836445 0.999995045403306 1.00353216164421 0.00314788323160991 0.00617332518034151
1.57394421522535 0.999995045403306 1.00355121156472 -0.00314788323160957 -0.000122252644890603
1.58023999208625 0.99995540892433 1.00353061525707 -0.00944352492320356 -0.00642118303932304
1.58653576894715 0.999876137537437 1.00347035235384 -0.0157387923048659 -0.0127232293107469
1.59283154580805 0.999757234384681 1.00337040401056 -0.0220334358531269 -0.0190281443623719
1.59912732266895 0.999598704178987 1.00323075297111 -0.0283272060692439 -0.0253356707063667
1.60542309952985 0.999400553203966 1.0030513836331 -0.0346198534890902 -0.0316455405082067
1.61171887639076 0.999162789313664 1.00283228211271 -0.0409111286930427 -0.0379574756617314
1.61801465325166 0.99888542193225 1.00257343630909 -0.0472007823158688 -0.0442711878947107
1.62431043011256 0.998568462053646 1.00227483596796 -0.0534885650566093 -0.0505863789046401
1.63060620697346 0.998211922241088 1.00193647274421 -0.0597742276884613 -0.0569027405244013
1.63690198383436 0.997815816626628 1.00155834026345 -0.0660575210686555 -0.0632199549173248
1.64319776069526 0.997380160910575 1.00114043418215 -0.072338196148332 -0.0695376948011205
1.64949353755616 0.996904972360875 1.00068275224638 -0.0786160039824122 -0.0758556237000556
1.65578931441707 0.996390269812421 1.00018529434879 -0.084890695739464 -0.0821733962246681
1.66208509127797 0.995836073666312 0.999648062583795 -0.0911620227115678 -0.0884906583782489
1.66838086813887 0.995242405889039 0.999071061300712 -0.0974297363241723 -0.094807047889213
1.67467664499977 0.99460929001162 0.998454297154763 -0.103693588145948 -0.101122194568443
1.68097242186067 0.993936751128663 0.997797779155726 -0.109953329898633 -0.107435720690588
1.68726819872157 0.993224815897374 0.997101518714124 -0.116208713466876 -0.113747241398248
1.69356397558247 0.992473512536499 0.996365529684795 -0.12245949090807 -0.120056365127903
1.69985975244337 0.991682870825204 0.995589828407715 -0.128705414462178 -0.126362694056376
1.70615552930428 0.990852922101899 0.994774433745957 -0.134946236561556 -0.132665824566581
1.71245130616518 0.989983699262992 0.993919367120649 -0.141181709840765 -0.13896534773122
1.71874708302608 0.989075236761586 0.993024652542843 -0.147411587146373 -0.145260849813066
1.72504285988698 0.988127570606114 0.992090316642181 -0.153635621546758 -0.151551912780426
1.73133863674788 0.987140738358913 0.991116388692272 -0.159853566341888 -0.157838114836288
1.73763441360878 0.986114779134731 0.990102900632701 -0.166065175073104 -0.164119030959686
1.74393019046968 0.985049733599182 0.989049887087595 -0.172270201532887 -0.170394233457712
1.75022596733059 0.983945643967129 0.987957385380679 -0.178468399774618 -0.17666329252663
1.75652174419149 0.982802554001014 0.98682543554678 -0.184659524122324 -0.182925776820468
1.76281752105239 0.981620509009125 0.985654080339737 -0.190843329180421 -0.189181254025496
1.76911329791329 0.980399555843794 0.984443365236663 -0.197019569843435 -0.195429291438924
1.77540907477419 0.979139742899545 0.983193338438576 -0.20318800130572 -0.201669456550183
1.78170485163509 0.977841120111175 0.98190405086735 -0.20934837907116 -0.207901317623124
1.78800062849599 0.976503738951775 0.98057555615901 -0.215500458962862 -0.214124444277466
1.7942964053569 0.975127652430686 0.97920791065337 -0.221643997132832 -0.220338408067832
1.8005921822178 0.973712915091404 0.977801173380043 -0.227778750071642 -0.226542783058705
1.8068879590787 0.972259583009414 0.976355406040839 -0.233904474618082 -0.23273714639366
1.8131837359396 0.970767713789966 0.974870672988608 -0.240020927968797 -0.238921078857227
1.8194795128005 0.969237366565798 0.973347041202576 -0.24612786768791 -0.24509416542777
1.8257752896614 0.967668601994785 0.971784580260222 -0.252225051716634 -0.251255995819784
1.8320710665223 0.966061482257539 0.97018336230579 -0.258312238382866 -0.257406165014041
1.83836684338321 0.964416071054944 0.968543462015498 -0.264389186410764 -0.263544273774049
1.84466262024411 0.962732433605629 0.966864956559546 -0.270455654930312 -0.26966992914732
1.85095839710501 0.961010636643385 0.965147925561015 -0.276511403486866 -0.275782744949986
1.85725417396591 0.959250748414519 0.963392451051782 -0.282556192050687 -0.281882342233346
1.86354995082681 0.957452838675151 0.961598617425543 -0.288589781026453 -0.287968349730975
1.86984572768771 0.955616978688443 0.959766511388101 -0.294611931262756 -0.294040404285074
1.87614150454861 0.953743241221784 0.957896221905025 -0.300622404061583 -0.300098151250805
1.88243728140952 0.951831700543896 0.955987840146844 -0.306620961187774 -0.306141244877392
1.88873305827042 0.949882432421897 0.954041459431922 -0.312607364878469 -0.312169348664869
1.89502883513132 0.947895514118295 0.95205717516715 -0.318581377852526 -0.318182135695373
1.90132461199222 0.945871024387924 0.950035084786654 -0.324542763319934 -0.324179288937992
1.90762038885312 0.943809043474828 0.947975287688655 -0.330491284991192 -0.330160501526225
1.91391616571402 0.941709653109075 0.945877885170681 -0.336426707086678 -0.33612547700718
1.92021194257492 0.939572936503518 0.943742980363296 -0.342348794345993 -0.342073929561742
1.92650771943583 0.937398978350501 0.941570678162533 -0.348257312037287 -0.348005584194979
1.93280349629673 0.935187864818497 0.939361085161234 -0.354152025966562 -0.353920176896174
1.93909927315763 0.932939683548695 0.937114309579467 -0.360032702486956 -0.359817454767924
1.94539505001853 0.930654523651526 0.934830461194239 -0.365899108508002 -0.365697176123848
1.95169082687943 0.928332475703132 0.932509651268688 -0.371751011504871 -0.371559110554527
1.95798660374033 0.925973631741772 0.930151992480961 -0.377588179527581 -0.377403038961375
1.96428238060123 0.92357808526418 0.927757598852984 -0.383410381210201 -0.383228753558244
1.97057815746213 0.921145931221853 0.925326585679322 -0.38921738578001 -0.389036057840648
1.97687393432304 0.918677266017291 0.922859069456328 -0.395008963066656 -0.394824766522566
1.98316971118394 0.916172187500177 0.920355167811805 -0.400784883511269 -0.400594705440896
1.98946548804484 0.913630794963493 0.917814999435361 -0.406544918175564 -0.406345711427709
1.99576126490574 0.911053189139591 0.915238684009671 -0.412288838750919 -0.412077632150537
2.00205704176664 0.908439472196195 0.912626342142848 -0.418016417567418 -0.417790325921022
2.00835281862754 0.905789747732357 0.909978095302108 -0.423727427602879 -0.423483661472347
2.01464859548844 0.903104120774344 0.90729406574895 -0.429421642491851 -0.429157517705959
2.02094437234935 0.90038269777148 0.904574376476007 -0.435098836534588 -0.43481178340815
2.02724014921025 0.897625586591925 0.901819151145782 -0.440758784705991 -0.440446356937203
2.03353592607115 0.8948328965184 0.899028514031456 -0.446401262664534 -0.446061145881834
2.03983170293205 0.892004738243855 0.896202589959909 -0.452026046761147 -0.4516560666918
2.04612747979295 0.889141223867081 0.893341504257179 -0.457632914048092 -0.457231044281575
2.05242325665385 0.886242466888269 0.890445382696477 -0.463221642287789 -0.462786011608099
2.05871903351475 0.883308582204506 0.887514351448955 -0.468792009961631 -0.468320909223701
2.06501481037566 0.880339686105228 0.884548537037353 -0.474343796278763 -0.473835684805316
2.07131058723656 0.877335896267606 0.881548066292684 -0.479876781184833 -0.479330292661256
2.07760636409746 0.874297331751883 0.878513066314097 -0.485390745370715 -0.484804693216807
2.08390214095836 0.871224112996653 0.875443664432034 -0.4908854702812 -0.490258852480029
2.09019791781926 0.868116361814091 0.872339988174816 -0.496360738123661 -0.495692741489181
2.09649369468016 0.864974201385122 0.869202165238753 -0.501816331876683 -0.501106335743257
2.10278947154106 0.861797756254539 0.866030323461899 -0.507252035298669 -0.506499614617188
2.10908524840197 0.858587152326065 0.862824590801521 -0.512667632936407 -0.511872560763295
2.11538102526287 0.855342516857367 0.859585095315389 -0.51806291013361 -0.517225159500665
2.12167680212377 0.852063978455007 0.856311965146931 -0.523437653039429 -0.522557398194123
2.12797257898467 0.848751667069347 0.853005328514332 -0.528791648616924 -0.527869265624565
2.13426835584557 0.845405713989399 0.849665313703623 -0.534124684651509 -0.533160751352414
2.14056413270647 0.842026251837619 0.846292049065788 -0.539436549759368 -0.538431845076034
2.14685990956737 0.83861341456465 0.842885663017924 -0.544727033395826 -0.54368253598693
2.15315568642828 0.835167337444017 0.839446284048465 -0.549995925863703 -0.548912812123632
2.15945146328918 0.831688157066758 0.835974040726477 -0.555243018321617 -0.554122659726137
2.16574724015008 0.828176011336018 0.832469061715005 -0.560468102792268 -0.559312062592844
2.17204301701098 0.824631039461575 0.828931475788457 -0.56567097217068 -0.564481001441913
2.17833879387188 0.821053381954331 0.825361411853994 -0.570851420232407 -0.569629453278971
2.18463457073278 0.817443180620733 0.821758998976869 -0.576009241641712 -0.574757390773136
2.19093034759368 0.813800578557159 0.818124366409669 -0.581144231959703 -0.579864781643281
2.19722612445458 0.810125720144247 0.814457643625379 -0.586256187652434 -0.584951588056496
2.20352190131549 0.806418751041165 0.810758960354194 -0.591344906098977 -0.590017766040679
2.20981767817639 0.802679818179843 0.807028446623975 -0.596410185599453 -0.595063264913163
2.21611345503729 0.798909069759152 0.803266232804254 -0.60145182538302 -0.600088026727292
2.22240923189819 0.79510665523902 0.799472449653648 -0.606469625615841 -0.605091985738818
2.22870500875909 0.791272725334519 0.795647228370585 -0.611463387408995 -0.610075067893959
2.23500078561999 0.787407432009883 0.791790700647163 -0.616432912826369 -0.615037190340943
2.24129656248089 0.783510928472489 0.787902998726011 -0.621378004892496 -0.619978260966812
2.2475923393418 0.779583369166782 0.78398425545999 -0.626298467600368 -0.624898177961201
2.2538881162027 0.775624909768156 0.780034604374535 -0.631194105919201 -0.629796829408807
2.2601838930636 0.771635707176781 0.776054179732485 -0.63606472580217 -0.634674092912142
2.2664796699245 0.767615919511385 0.772043116601176 -0.640910134194094 -0.639529835246174
2.2727754467854 0.763565706102986 0.76800155092161 -0.645730139039094 -0.644363912046341
2.2790712236463 0.759485227488579 0.763929619579481 -0.650524549288204 -0.649176167531391
2.2853670005072 0.75537464540477 0.759827460477824 -0.65529317490694 -0.653966434262418
2.29166277736811 0.751234122781367 0.755695212611076 -0.660035826882837 -0.658734532939366
2.29795855422901 0.747063823734919 0.751533016140284 -0.664752317232939 -0.66348027223624
2.30425433108991 0.742863913562218 0.747341012469238 -0.669442459011248 -0.668203448676109
2.31055010795081 0.738634558733738 0.743119344321255 -0.674106066316137 -0.67290384654696
2.31684588481171 0.734375926887045 0.738868155816362 -0.678742954297718 -0.677581237859319
2.32314166167261 0.730088186820145 0.734587592548615 -0.683352939165167 -0.682235382346482
2.32943743853351 0.725771508484802 0.730277801663284 -0.68793583819401 -0.686866027508072
2.33573321539442 0.721426062979791 0.725938931933614 -0.692491469733367 -0.69147290869756
2.34202899225532 0.717052022544126 0.721571133836906 -0.697019653213149 -0.696055749254235
2.34832476911622 0.712649560550228 0.717174559629623 -0.701520209151217 -0.700614260680035
2.35462054597712 0.708218851497053 0.71274936342124 -0.705992959160497 -0.705148142861483
2.36091632283802 0.703760071003178 0.708295701246554 -0.710437725956049 -0.709657084336906
2.36721209969892 0.699273395799838 0.703813731136171 -0.714854333362094 -0.714140762608923
2.37350787655982 0.694759003723921 0.699303613184879 -0.719242606318998 -0.718598844502107
2.37980365342072 0.69021707371092 0.694765509617636 -0.723602370890211 -0.723030986565582
2.38609943028163 0.685647785787841 0.690199584852872 -0.72793345426916 -0.727436835520147
2.39239520714253 0.681051321066066 0.685606005562849 -0.732235684786098 -0.73181602874944
2.39869098400343 0.676427861734175 0.680984940730778 -0.736508891914912 -0.73616819483445
2.40498676086433 0.671777591050724 0.676336561704452 -0.740752906279878 -0.740492954130596
2.41128253772523 0.667100693336983 0.671661042246099 -0.744967559662376 -0.744789919386406
2.41757831458613 0.662397353969628 0.666958558578225 -0.749152685007559 -0.749058696402717
2.42387409144703 0.657667759373395 0.662229289425174 -0.753308116430972 -0.753298884731139
2.43016986830794 0.65291209701369 0.657473416050174 -0.757433689225127 -0.7575100784104
2.43646564516884 0.648130555389156 0.652691122287629 -0.761529239866037 -0.761691866739048
2.44276142202974 0.643323324024209 0.647882594570443 -0.765594606019689 -0.765843835082784
2.44905719889064 0.638490593461515 0.643048021952146 -0.769629626548486 -0.769965565714647
2.45535297575154 0.633632555254449 0.638187596123646 -0.773634141517628 -0.77405663868601
2.46164875261244 0.628749401959493 0.63330151142439 -0.777607992201456 -0.778116632726317
2.46794452947334 0.623841327128609 0.628389964847793 -0.78155102108974 -0.782145126169237
2.47424030633425 0.618908525301566 0.623453156040744 -0.785463071893925 -0.786141697902865
2.48053608319515 0.613951191998228 0.618491287297069 -0.789343989553322 -0.790105928341375
2.48683186005605 0.608969523710807 0.613504563544816 -0.793193620241258 -0.794037400415466
2.49312763691695 0.60396371789607 0.60849319232725 -0.797011811371172 -0.797935700578759
2.49942341377785 0.598933972967519 0.603457383777473 -0.80079841160266 -0.801800419827182
2.50571919063875 0.593880488287519 0.598397350586584 -0.80455327084748 -0.805631154728286
2.51201496749965 0.588803464159403 0.593313307965351 -0.808276240275493 -0.809427508457259
2.51831074436056 0.583703101819527 0.588205473599335 -0.811967172320571 -0.813189091836343
2.52460652122146 0.578579603429298 0.583074067597474 -0.815625920686436 -0.816915524374216
2.53090229808236 0.573433172067158 0.577919312434132 -0.819252340352468 -0.82060643530181
2.53719807494326 0.568264011720538 0.572741432884647 -0.822846287579449 -0.824261464600931
2.54349385180416 0.563072327277765 0.567540655954433 -0.826407619915258 -0.827880264021986
2.54978962866506 0.557858324519953 0.56231721080173 -0.829936196200522 -0.831462498086981
2.55608540552596 0.552622210112835 0.557071328654074 -0.833431876574208 -0.835007845073965
2.56238118238687 0.547364191598579 0.551803242718663 -0.836894522479168 -0.838515997978944
2.56867695924777 0.542084477387557 0.54651318808673 -0.84032399666763 -0.84198666545131
2.57497273610867 0.536783276750087 0.541201401632128 -0.84372016320664 -0.84541957269873
2.58126851296957 0.531460799808138 0.535868121904326 -0.847082887483447 -0.848814462357445
2.58756428983047 0.526117257527001 0.530513589016043 -0.85041203621084 -0.852171095323873
2.59386006669137 0.520752861706927 0.525138044525777 -0.853707477432432 -0.855489251543437
2.60015584355227 0.515367824974731 0.519741731315518 -0.856969080527889 -0.8587687307525
2.60645162041317 0.509962360775365 0.514324893463945 -0.860196716218108 -0.862009353169331
2.61274739727408 0.50453668336346 0.508887776115444 -0.863390256570341 -0.865210960130035
2.61904317413498 0.499091007794829 0.503430625345307 -0.866549575003266 -0.868373414665432
2.62533895099588 0.493625549917948 0.497953688021497 -0.869674546292004 -0.871496602014906
2.63163472785678 0.488140526365395 0.492457211663384 -0.872765046573082 -0.874580430073327
2.63793050471768 0.48263615454527 0.486941444297886 -0.875820953349344 -0.877624829767218
2.64422628157858 0.477112652632569 0.481406634313482 -0.878842145494806 -0.880629755356438
2.65052205843948 0.471570239560547 0.475853030312561 -0.881828503259454 -0.883595184657756
2.65681783530039 0.46600913501203 0.470280880962624 -0.884779908273996 -0.886521119186832
2.66311361216129 0.460429559410714 0.464690434846858 -0.887696243554548 -0.889407584215219
2.66940938902219 0.454831733912425 0.459081940314618 -0.890577393507278 -0.892254628739214
2.67570516588309 0.449215880396357 0.453455645332409 -0.893423243932978 -0.895062325357489
2.68200094274399 0.443582221456271 0.447811797335911 -0.896233682031601 -0.89783077005467
2.68829671960489 0.437930980391677 0.44215064308369 -0.899008596406722 -0.900560081888191
2.69459249646579 0.432262381198985 0.436472428513173 -0.901747877069962 -0.903250402575996
2.7008882733267 0.426576648562618 0.430777398599553 -0.904451415445343 -0.905901895982859
2.7071840501876 0.420874007846117 0.425065797218243 -0.907119104373592 -0.908514747503353
2.7134798270485 0.415154685083199 0.419337867011543 -0.909750838116388 -0.911089163339754
2.7197756039094 0.409418906968805 0.413593849260199 -0.912346512360556 -0.913625369673432
2.7260713807703 0.403666900850109 0.407833983760501 -0.914906024222198 -0.916123611728558
2.7323671576312 0.397898894717511 0.402058508707632 -0.917429272250773 -0.918584152727266
2.7386629344921 0.392115117195597 0.396267660585931 -0.919916156433119 -0.921007272735706
2.74495871135301 0.386315797534079 0.390461674066764 -0.922366578197415 -0.923393267400758
2.75125448821391 0.380501165598708 0.384640781914694 -0.924780440417089 -0.925742446577487
2.75755026507481 0.374671451862163 0.378805214902642 -0.927157647414666 -0.928055132847781
2.76384604193571 0.368826887394914 0.372955201736699 -0.929498104965567 -0.930331659930963
2.77014181879661 0.362967703856065 0.3670909689913 -0.931801720301833 -0.932572370987516
2.77643759565751 0.357094133484172 0.361212741055394 -0.934068402115813 -0.934777616817441
2.78273337251841 0.351206409088038 0.355320740090296 -0.936298060563775 -0.936947753955135
2.78902914937932 0.345304764037483 0.349415185999846 -0.93849060726947 -0.939083142663076
2.79532492624022 0.339389432254095 0.343496296413511 -0.940645955327637 -0.941184144826949
2.80162070310112 0.333460648201961 0.337564286683046 -0.942764019307445 -0.943251121755289
2.80791647996202 0.327518646878369 0.331619369893292 -0.944844715255879 -0.94528443188706
2.81421225682292 0.321563663804496 0.325661756887697 -0.946887960701069 -0.947284428411025
2.82050803368382 0.315595935016074 0.319691656309082 -0.948893674655559 -0.949251456801117
2.82680381054472 0.309615697054031 0.313709274656178 -0.950861777619516 -0.951185852272449
2.83309958740562 0.303623186955117 0.307714816356422 -0.952792191583883 -0.953087937162974
2.83939536426653 0.297618642242511 0.301708483855451 -0.954684840033466 -0.954958018246181
2.84569114112743 0.291602300916401 0.295690477723718 -0.956539647949974 -0.956796383980615
2.85198691798833 0.285574401444555 0.289660996780612 -0.958356541814989 -0.958603301702382
2.85828269484923 0.279535182752869 0.283620238236407 -0.960135449612876 -0.960379014767144
2.86457847171013 0.273484884215892 0.277568397852356 -0.961876300833647 -0.962123739648484
2.87087424857103 0.267423745647345 0.271505670119162 -0.963579026475745 -0.963837662999856
2.87717002543193 0.261352007290607 0.265432248454045 -0.965243559048788 -0.965520938687687
2.88346580229284 0.255269909809202 0.259348325416562 -0.966869832576238 -0.967173684803473
2.88976157915374 0.249177694277252 0.253254092943278 -0.968457782598019 -0.968795980663055
2.89605735601464 0.243075602169928 0.247149742601346 -0.970007346173072 -0.970387863801535
2.90235313287554 0.236963875353873 0.241035465861003 -0.971518461881849 -0.971949326972522
2.90864890973644 0.230842756077618 0.234911454386915 -0.972991069828747 -0.973480315160715
2.91494468659734 0.224712486961982 0.228777900348273 -0.974425111644482 -0.974980722616974
2.92124046345824 0.218573310990451 0.222634996747442 -0.975820530488405 -0.976450389925286
2.92753624031915 0.21242547149955 0.216482937766977 -0.977177271050751 -0.977889101111194
2.93383201718005 0.206269212169197 0.210321919134661 -0.978495279554837 -0.979296580801406
2.94012779404095 0.200104777013045 0.204152138506258 -0.979774503759186 -0.980672491444409
2.94642357090185 0.193932410368808 0.197973795865534 -0.981014892959605 -0.982016430602061
2.95271934776275 0.18775235688858 0.191787093941089 -0.982216397991188 -0.983327928322135
2.95901512462365 0.181564861529134 0.185592238639442 -0.983378971230271 -0.984606444601878
2.96531090148455 0.175370169542215 0.179389439493777 -0.984502566596317 -0.985851366952634
2.97160667834546 0.169168526464817 0.173178910127676 -0.98558713955374 -0.98706200807556
2.97790245520636 0.162960178109456 0.166960868733109 -0.986632647113673 -0.988237603658396
2.98419823206726 0.156745370554418 0.160735538561886 -0.987639047835675 -0.989377310303191
2.99049400892816 0.150524350134013 0.15450314842972 -0.988606301829365 -0.990480203594719
2.99678978578906 0.144297363428809 0.148263933231984 -0.989534370756011 -0.991545276319205
3.00308556264996 0.138064657255855 0.142018134470183 -0.990423217830046 -0.992571436842759
3.00938133951086 0.131826478658903 0.135766000788106 -0.991272807820528 -0.993557507658707
3.01567711637177 0.125583074898612 0.129507788516569 -0.992083107052534 -0.994502224112745
3.02197289323267 0.119334693442751 0.123243762225611 -0.992854083408496 -0.995404233314529
3.02826867009357 0.113081581956387 0.116974195282917 -0.993585706329475 -0.996262093244029
3.03456444695447 0.10682398829207 0.110699370417246 -0.99427794681637 -0.997074272060555
3.04086022381537 0.100562160480008 0.104419580285548 -0.99493077743107 -0.997839147622015
3.04715600067627 0.0942963467182376 0.0981351280424247 -0.99554417229754 -0.998555007221509
3.05345177753717 0.0880267953627853 0.0918463279105509 -0.996118107102847 -0.999220047547914
3.05974755439808 0.0817537549178218 0.0855535057506165 -0.996652559098123 -0.999832374876613
3.06604333125898 0.0754774740258157 0.0792569996293364 -0.997147507099467 -1.00039000549601
3.07233910811988 0.0691982014576742 0.072957160384012 -0.997602931488788 -1.00089086637492
3.07863488498078 0.0629161861028865 0.0666543521821267 -0.998018814214575 -1.0013327960753
3.08493066184168 0.056631676959655 0.0603489530744062 -0.998395138792621 -1.0017135459143
3.09122643870258 0.0503449231250288 0.0540413555397758 -0.99873189030667 -1.00203078137881
3.09752221556348 0.0440561737850291 0.0477319670206064 -0.999029055409012 -1.00228208379519
3.10381799242439 0.0377656782047706 0.0414212104466374 -0.99928662232101 -1.00246495225604
3.11011376928529 0.0314736857185863 0.0351095247459644 -0.999504580833569 -1.00257680580535
3.11640954614619 0.0251804457201384 0.0287973653414447 -0.999682922307536 -1.00261498588247
3.12270532300709 0.0188862076525385 0.0224852046309103 -0.99982163967405 -1.00257675902476
3.12900109986799 0.0125912209984566 0.016173532449548 -0.999920727434814 -1.00245931982788
3.13529687672889 0.00629573527023612 0.00986285651283929 -0.99998018166232 -1.0022597941622
3.14159265358979 1.22460635382238E-16 0.00355370283844635 -1 -1.00197524264264
