0.3 0.084281844469313
0.6 0.118488734784638
0.9 0.118048401360203
1.2 0.0949463206133676
1.5 0.0583634399428084
1.8 0.0152091141999977
2.1 -0.0294349089721438
2.4 -0.0719458683528758
2.7 -0.109855091967926
3 -0.141596862926441
3.3 -0.166302537528354
3.6 -0.183632654648116
3.9 -0.193640851543277
4.2 -0.196664326879333
4.5 -0.19323638703903
4.8 -0.18401729422799
5.1 -0.169740219758061
5.4 -0.151169606456583
5.7 -0.129069671948721
6 -0.104181149610017
6.3 -0.0772046749829182
6.6 -0.0487894899358947
6.9 -0.0195263613523152
7.2 0.0100561986723789
7.5 0.039493163376615
7.8 0.0683822892924852
8.1 0.0963819842443624
8.4 0.12320815234762
8.7 0.148630342970086
9 0.172467463946091
9.3 0.194583263974837
9.6 0.214881743363833
