0.3 0.444490932409031
0.6 0.658573963312832
0.9 0.731825387533078
1.2 0.722866108589285
1.5 0.669390480445289
1.8 0.595075997597712
2.1 0.514316998662524
2.4 0.43544617578918
2.7 0.362909768794649
3 0.298722410207184
3.3 0.243428904848184
3.6 0.196730801620506
3.9 0.157886909277274
4.2 0.125962845292013
4.5 0.0999809688441808
4.8 0.0790055716705923
5.1 0.0621868149682595
5.4 0.0487790741802168
5.7 0.0381440062151725
6 0.0297450261199963
6.3 0.0231374401905642
6.6 0.0179568580956322
6.9 0.0139074389208695
7.2 0.0107508356406242
7.5 0.0082962655522175
7.8 0.00639186567208467
8.1 0.00491733403687764
8.4 0.00377777104620465
8.7 0.00289859311118482
9 0.00222137647356023
9.3 0.00170049070549403
9.6 0.00130039174062439
