0.3 0.22673810256572
0.6 0.313503689198802
0.9 0.300784864942463
1.2 0.22269607659133
1.5 0.107343333682764
1.8 -0.0227509768256588
2.1 -0.150175918737743
2.4 -0.262125906993882
2.7 -0.349873518129584
3 -0.40823254973284
3.3 -0.435022501760098
3.6 -0.430544527042677
3.9 -0.397077527178311
4.2 -0.338402077139942
4.5 -0.25935879045992
4.8 -0.165446188323066
5.1 -0.0624619893495347
5.4 0.0438093002962365
5.7 0.147861006251322
6 0.24468082921521
6.3 0.329919654270213
6.6 0.400014326752236
6.9 0.452266833837228
7.2 0.484882806040271
7.5 0.496973151893505
7.8 0.488523052788205
8.1 0.460332719379131
8.4 0.413934694211161
8.7 0.35149270191062
9 0.27568670275435
9.3 0.189589009146228
9.6 0.0965360685858344
