0.3 -0.186589602187419
0.6 -0.264957564517499
0.9 -0.269137796824941
1.2 -0.224873707724607
1.5 -0.151376385171544
1.8 -0.0627416667714954
2.1 0.0309122698073667
2.4 0.122534879113737
2.7 0.207418285621438
3 0.282622488588445
3.3 0.346522265131414
3.6 0.398451835514155
3.9 0.438428505856112
4.2 0.466939285641953
4.5 0.484777956217586
4.8 0.492921840231154
5.1 0.492440403587595
5.4 0.484428338452457
5.7 0.469958019055082
6 0.450046845696602
6.3 0.425635958173344
6.6 0.397577456819802
6.9 0.366628128186033
7.2 0.333447772053074
7.5 0.298600711744821
7.8 0.262559744546313
8.1 0.225711337485418
8.4 0.188361730591117
8.7 0.150743330125202
9 0.113021241092415
9.3 0.0752993247871464
9.6 0.037626113372132
