0.3 0.436908406888046
0.6 0.650146486830307
0.9 0.725593236627692
1.2 0.719817805329847
1.5 0.669457644875611
1.8 0.597715760325366
2.1 0.518837858864785
2.4 0.441177541079958
2.7 0.369279487627903
3 0.305281922298162
3.3 0.249850944454532
3.6 0.202793869155514
3.9 0.16345536304463
4.2 0.130966812460771
4.5 0.104398496976123
4.8 0.0828476994170622
5.1 0.0654857455944614
5.4 0.0515792769422687
5.7 0.04049560031139
6 0.0316992418173044
6.3 0.0247433678507822
6.6 0.0192594897646359
6.9 0.0149463324677892
7.2 0.0115594549207062
7.5 0.00890153243055642
7.8 0.00681386268675164
8.1 0.00516901866541643
8.4 0.00386448083073222
8.7 0.00281744865492395
9 0.0019601824343258
9.3 0.00123633789027286
9.6 0.00059744487147908
