0 4.95866486264899 4.92326293338489 4.99406679191309
0.1 4.94160245769799 4.90548486619969 4.97772004919629
0.2 4.92454005274699 4.88770679901449 4.9613733064795
0.3 4.907477647796 4.86992873182929 4.9450265637627
0.4 4.890415242845 4.8521506646441 4.9286798210459
0.5 4.873352837894 4.8343725974589 4.9123330783291
0.6 4.856290432943 4.8165945302737 4.89598633561231
0.7 4.839228027992 4.7988164630885 4.87963959289551
0.8 4.82216562304101 4.7810383959033 4.86329285017871
0.9 4.80510321809001 4.76326032871811 4.84694610746191
1 4.78804081313901 4.74548226153291 4.83059936474512
1.1 4.77097840818801 4.72770419434771 4.81425262202832
1.2 4.75391600323702 4.70992612716251 4.79790587931152
1.3 4.73685359828602 4.69214805997731 4.78155913659472
1.4 4.71979119333502 4.67436999279211 4.76521239387793
1.5 4.70272878838402 4.65659192560692 4.74886565116113
1.6 4.68566638343302 4.63881385842172 4.73251890844433
1.7 4.66860397848203 4.62103579123652 4.71617216572753
1.8 4.65154157353103 4.60325772405132 4.69982542301074
1.9 4.63447916858003 4.58547965686612 4.68347868029394
2 4.61741676362903 4.56770158968093 4.66713193757714
2.1 4.60035435867804 4.54992352249573 4.65078519486034
2.2 4.58329195372704 4.53214545531053 4.63443845214355
2.3 4.56622954877604 4.51436738812533 4.61809170942675
2.4 4.54916714382504 4.49658932094013 4.60174496670995
2.5 4.53210473887404 4.47881125375494 4.58539822399315
2.6 4.51504233392305 4.46103318656974 4.56905148127635
2.7 4.49797992897205 4.44325511938454 4.55270473855956
2.8 4.48091752402105 4.42547705219934 4.53635799584276
2.9 4.46385511907005 4.40769898501414 4.52001125312596
3 4.44679271411906 4.38992091782895 4.50366451040916
3.1 4.42973030916806 4.37214285064375 4.48731776769237
3.2 4.41266790421706 4.35436478345855 4.47097102497557
3.3 4.39560549926606 4.33658671627335 4.45462428225877
3.4 4.37854309431506 4.31880864908815 4.43827753954197
3.5 4.36148068936407 4.30103058190296 4.42193079682518
3.6 4.34441828441307 4.28325251471776 4.40558405410838
3.7 4.32735587946207 4.26547444753256 4.38923731139158
3.8 4.31029347451107 4.24769638034736 4.37289056867478
3.9 4.29323106956008 4.22991831316216 4.35654382595799
4 4.27616866460908 4.21214024597697 4.34019708324119
4.1 4.25910625965808 4.19436217879177 4.32385034052439
4.2 4.24204385470708 4.17658411160657 4.30750359780759
4.3 4.22498144975608 4.15880604442137 4.2911568550908
4.4 4.20791904480509 4.14102797723617 4.274810112374
4.5 4.19085663985409 4.12324991005098 4.2584633696572
4.6 4.17379423490309 4.10547184286578 4.2421166269404
4.7 4.15673182995209 4.08769377568058 4.22576988422361
4.8 4.1396694250011 4.06991570849538 4.20942314150681
4.9 4.1226070200501 4.05213764131018 4.19307639879001
5 4.1055446150991 4.03435957412499 4.17672965607321
5.1 4.0884822101481 4.01658150693979 4.16038291335642
5.2 4.0714198051971 3.99880343975459 4.14403617063962
5.3 4.05435740024611 3.98102537256939 4.12768942792282
5.4 4.03729499529511 3.9632473053842 4.11134268520602
5.5 4.02023259034411 3.945469238199 4.09499594248923
5.6 4.00317018539311 3.9276911710138 4.07864919977243
5.7 3.98610778044212 3.9099131038286 4.06230245705563
5.8 3.96904537549112 3.8921350366434 4.04595571433883
5.9 3.95198297054012 3.8743569694582 4.02960897162204
5.99999999999999 3.93492056558912 3.85657890227301 4.01326222890524
6.09999999999999 3.91785816063812 3.83880083508781 3.99691548618844
6.19999999999999 3.90079575568713 3.82102276790261 3.98056874347164
6.29999999999999 3.88373335073613 3.80324470071741 3.96422200075485
6.39999999999999 3.86667094578513 3.78546663353222 3.94787525803805
6.49999999999999 3.84960854083413 3.76768856634702 3.93152851532125
6.59999999999999 3.83254613588314 3.74991049916182 3.91518177260445
6.69999999999999 3.81548373093214 3.73213243197662 3.89883502988766
6.79999999999999 3.79842132598114 3.71435436479142 3.88248828717086
6.89999999999999 3.78135892103014 3.69657629760623 3.86614154445406
6.99999999999999 3.76429651607915 3.67879823042103 3.84979480173726
7.09999999999999 3.74723411112815 3.66102016323583 3.83344805902047
7.19999999999999 3.73017170617715 3.64324209605063 3.81710131630367
7.29999999999999 3.71310930122615 3.62546402886543 3.80075457358687
7.39999999999999 3.69604689627515 3.60768596168024 3.78440783087007
7.49999999999999 3.67898449132416 3.58990789449504 3.76806108815328
7.59999999999999 3.66192208637316 3.57212982730984 3.75171434543648
7.69999999999999 3.64485968142216 3.55435176012464 3.73536760271968
7.79999999999999 3.62779727647116 3.53657369293944 3.71902086000288
7.89999999999999 3.61073487152017 3.51879562575425 3.70267411728609
7.99999999999999 3.59367246656917 3.50101755856905 3.68632737456929
8.09999999999999 3.57661006161817 3.48323949138385 3.66998063185249
8.19999999999999 3.55954765666717 3.46546142419865 3.65363388913569
8.29999999999999 3.54248525171618 3.44768335701345 3.6372871464189
8.39999999999999 3.52542284676518 3.42990528982826 3.6209404037021
8.49999999999999 3.50836044181418 3.41212722264306 3.6045936609853
8.59999999999999 3.49129803686318 3.39434915545786 3.5882469182685
8.69999999999999 3.47423563191218 3.37657108827266 3.57190017555171
8.79999999999998 3.45717322696119 3.35879302108746 3.55555343283491
8.89999999999998 3.44011082201019 3.34101495390227 3.53920669011811
8.99999999999998 3.42304841705919 3.32323688671707 3.52285994740131
9.09999999999998 3.40598601210819 3.30545881953187 3.50651320468452
9.19999999999998 3.3889236071572 3.28768075234667 3.49016646196772
9.29999999999998 3.3718612022062 3.26990268516148 3.47381971925092
9.39999999999998 3.3547987972552 3.25212461797628 3.45747297653412
9.49999999999998 3.3377363923042 3.23434655079108 3.44112623381733
9.59999999999998 3.3206739873532 3.21656848360588 3.42477949110053
9.69999999999998 3.30361158240221 3.19879041642068 3.40843274838373
9.79999999999998 3.28654917745121 3.18101234923549 3.39208600566693
9.89999999999998 3.26948677250021 3.16323428205029 3.37573926295014
9.99999999999998 3.25242436754921 3.14545621486509 3.35939252023334
10.1 3.23536196259822 3.12767814767989 3.34304577751654
10.2 3.21829955764722 3.10990008049469 3.32669903479974
10.3 3.20123715269622 3.0921220133095 3.31035229208295
10.4 3.18417474774522 3.0743439461243 3.29400554936615
10.5 3.16711234279423 3.0565658789391 3.27765880664935
10.6 3.15004993784323 3.0387878117539 3.26131206393255
10.7 3.13298753289223 3.0210097445687 3.24496532121576
10.8 3.11592512794123 3.00323167738351 3.22861857849896
10.9 3.09886272299023 2.98545361019831 3.21227183578216
11 3.08180031803924 2.96767554301311 3.19592509306536
11.1 3.06473791308824 2.94989747582791 3.17957835034857
11.2 3.04767550813724 2.93211940864271 3.16323160763177
11.3 3.03061310318624 2.91434134145752 3.14688486491497
11.4 3.01355069823525 2.89656327427232 3.13053812219817
11.5 2.99648829328425 2.87878520708712 3.11419137948138
11.6 2.97942588833325 2.86100713990192 3.09784463676458
11.7 2.96236348338225 2.84322907271672 3.08149789404778
11.8 2.94530107843125 2.82545100553153 3.06515115133098
11.9 2.92823867348026 2.80767293834633 3.04880440861419
12 2.91117626852926 2.78989487116113 3.03245766589739
12.1 2.89411386357826 2.77211680397593 3.01611092318059
12.2 2.87705145862726 2.75433873679073 2.99976418046379
12.3 2.85998905367627 2.73656066960554 2.983417437747
12.4 2.84292664872527 2.71878260242034 2.9670706950302
12.5 2.82586424377427 2.70100453523514 2.9507239523134
12.6 2.80880183882327 2.68322646804994 2.9343772095966
12.7 2.79173943387228 2.66544840086474 2.91803046687981
12.8 2.77467702892128 2.64767033367955 2.90168372416301
12.9 2.75761462397028 2.62989226649435 2.88533698144621
13 2.74055221901928 2.61211419930915 2.86899023872941
13.1 2.72348981406828 2.59433613212395 2.85264349601262
13.2 2.70642740911729 2.57655806493876 2.83629675329582
13.3 2.68936500416629 2.55877999775356 2.81995001057902
13.4 2.67230259921529 2.54100193056836 2.80360326786222
13.5 2.65524019426429 2.52322386338316 2.78725652514543
13.6 2.6381777893133 2.50544579619796 2.77090978242863
13.7 2.6211153843623 2.48766772901277 2.75456303971183
13.8 2.6040529794113 2.46988966182757 2.73821629699503
13.9 2.5869905744603 2.45211159464237 2.72186955427824
14 2.5699281695093 2.43433352745717 2.70552281156144
14.1 2.55286576455831 2.41655546027197 2.68917606884464
14.2 2.53580335960731 2.39877739308678 2.67282932612784
14.3 2.51874095465631 2.38099932590158 2.65648258341104
14.4 2.50167854970531 2.36322125871638 2.64013584069425
14.5 2.48461614475432 2.34544319153118 2.62378909797745
14.6 2.46755373980332 2.32766512434598 2.60744235526065
14.7 2.45049133485232 2.30988705716079 2.59109561254385
14.8 2.43342892990132 2.29210898997559 2.57474886982706
14.9 2.41636652495033 2.27433092279039 2.55840212711026
15 2.39930411999933 2.25655285560519 2.54205538439346
