0.3 -0.155196173921635
0.6 -0.22001178673765
0.9 -0.223181238994164
1.2 -0.186272846148562
1.5 -0.125255097243332
1.8 -0.0517478694169113
2.1 0.0259815523159138
2.4 0.102228705454683
2.7 0.173228466215018
3 0.236665273992293
3.3 0.291290555367223
3.6 0.336625818578153
3.9 0.372733969785652
4.2 0.400044741177162
4.5 0.419222848609676
4.8 0.43106972123919
5.1 0.436451456952071
5.4 0.436247129405015
5.7 0.431312766228621
6 0.422457283899778
6.3 0.410427444522648
6.6 0.395899527516421
6.9 0.37947591315042
7.2 0.361685178124726
7.5 0.342984624943246
7.8 0.323764422210583
8.1 0.304352734919632
8.4 0.285021382667309
8.7 0.265991688007052
9 0.247440273707624
9.3 0.229504642133161
9.6 0.212288426823223
