0 4.95866486264899 4.94400960718494 4.97332011811304
0.1 4.94160245769799 4.92665094118021 4.95655397421578
0.2 4.92454005274699 4.90929227517547 4.93978783031852
0.3 4.907477647796 4.89193360917073 4.92302168642126
0.4 4.890415242845 4.874574943166 4.906255542524
0.5 4.873352837894 4.85721627716126 4.88948939862674
0.6 4.856290432943 4.83985761115652 4.87272325472948
0.7 4.839228027992 4.82249894515178 4.85595711083223
0.8 4.82216562304101 4.80514027914705 4.83919096693497
0.9 4.80510321809001 4.78778161314231 4.82242482303771
1 4.78804081313901 4.77042294713757 4.80565867914045
1.1 4.77097840818801 4.75306428113284 4.78889253524319
1.2 4.75391600323702 4.7357056151281 4.77212639134593
1.3 4.73685359828602 4.71834694912336 4.75536024744867
1.4 4.71979119333502 4.70098828311863 4.73859410355141
1.5 4.70272878838402 4.68362961711389 4.72182795965415
1.6 4.68566638343302 4.66627095110915 4.7050618157569
1.7 4.66860397848203 4.64891228510442 4.68829567185964
1.8 4.65154157353103 4.63155361909968 4.67152952796238
1.9 4.63447916858003 4.61419495309494 4.65476338406512
2 4.61741676362903 4.59683628709021 4.63799724016786
2.1 4.60035435867804 4.57947762108547 4.6212310962706
2.2 4.58329195372704 4.56211895508073 4.60446495237334
2.3 4.56622954877604 4.544760289076 4.58769880847608
2.4 4.54916714382504 4.52740162307126 4.57093266457882
2.5 4.53210473887404 4.51004295706652 4.55416652068157
2.6 4.51504233392305 4.49268429106179 4.53740037678431
2.7 4.49797992897205 4.47532562505705 4.52063423288705
2.8 4.48091752402105 4.45796695905231 4.50386808898979
2.9 4.46385511907005 4.44060829304758 4.48710194509253
3 4.44679271411906 4.42324962704284 4.47033580119527
3.1 4.42973030916806 4.4058909610381 4.45356965729801
3.2 4.41266790421706 4.38853229503337 4.43680351340075
3.3 4.39560549926606 4.37117362902863 4.4200373695035
3.4 4.37854309431506 4.35381496302389 4.40327122560624
3.5 4.36148068936407 4.33645629701916 4.38650508170898
3.6 4.34441828441307 4.31909763101442 4.36973893781172
3.7 4.32735587946207 4.30173896500968 4.35297279391446
3.8 4.31029347451107 4.28438029900494 4.3362066500172
3.9 4.29323106956008 4.26702163300021 4.31944050611994
4 4.27616866460908 4.24966296699547 4.30267436222268
4.1 4.25910625965808 4.23230430099073 4.28590821832543
4.2 4.24204385470708 4.214945634986 4.26914207442817
4.3 4.22498144975608 4.19758696898126 4.25237593053091
4.4 4.20791904480509 4.18022830297652 4.23560978663365
4.5 4.19085663985409 4.16286963697179 4.21884364273639
4.6 4.17379423490309 4.14551097096705 4.20207749883913
4.7 4.15673182995209 4.12815230496231 4.18531135494187
4.8 4.1396694250011 4.11079363895758 4.16854521104461
4.9 4.1226070200501 4.09343497295284 4.15177906714735
5 4.1055446150991 4.0760763069481 4.1350129232501
5.1 4.0884822101481 4.05871764094337 4.11824677935284
5.2 4.0714198051971 4.04135897493863 4.10148063545558
5.3 4.05435740024611 4.02400030893389 4.08471449155832
5.4 4.03729499529511 4.00664164292916 4.06794834766106
5.5 4.02023259034411 3.98928297692442 4.0511822037638
5.6 4.00317018539311 3.97192431091968 4.03441605986654
5.7 3.98610778044212 3.95456564491495 4.01764991596928
5.8 3.96904537549112 3.93720697891021 4.00088377207203
5.9 3.95198297054012 3.91984831290547 3.98411762817477
5.99999999999999 3.93492056558912 3.90248964690074 3.96735148427751
6.09999999999999 3.91785816063812 3.885130980896 3.95058534038025
6.19999999999999 3.90079575568713 3.86777231489126 3.93381919648299
6.29999999999999 3.88373335073613 3.85041364888653 3.91705305258573
6.39999999999999 3.86667094578513 3.83305498288179 3.90028690868847
6.49999999999999 3.84960854083413 3.81569631687705 3.88352076479122
6.59999999999999 3.83254613588314 3.79833765087232 3.86675462089396
6.69999999999999 3.81548373093214 3.78097898486758 3.8499884769967
6.79999999999999 3.79842132598114 3.76362031886284 3.83322233309944
6.89999999999999 3.78135892103014 3.74626165285811 3.81645618920218
6.99999999999999 3.76429651607915 3.72890298685337 3.79969004530492
7.09999999999999 3.74723411112815 3.71154432084863 3.78292390140766
7.19999999999999 3.73017170617715 3.6941856548439 3.7661577575104
7.29999999999999 3.71310930122615 3.67682698883916 3.74939161361314
7.39999999999999 3.69604689627515 3.65946832283442 3.73262546971589
7.49999999999999 3.67898449132416 3.64210965682969 3.71585932581863
7.59999999999999 3.66192208637316 3.62475099082495 3.69909318192137
7.69999999999999 3.64485968142216 3.60739232482021 3.68232703802411
7.79999999999999 3.62779727647116 3.59003365881548 3.66556089412685
7.89999999999999 3.61073487152017 3.57267499281074 3.64879475022959
7.99999999999999 3.59367246656917 3.555316326806 3.63202860633233
8.09999999999999 3.57661006161817 3.53795766080127 3.61526246243507
8.19999999999999 3.55954765666717 3.52059899479653 3.59849631853782
8.29999999999999 3.54248525171618 3.50324032879179 3.58173017464056
8.39999999999999 3.52542284676518 3.48588166278706 3.5649640307433
8.49999999999999 3.50836044181418 3.46852299678232 3.54819788684604
8.59999999999999 3.49129803686318 3.45116433077758 3.53143174294878
8.69999999999999 3.47423563191218 3.43380566477285 3.51466559905152
8.79999999999998 3.45717322696119 3.41644699876811 3.49789945515426
8.89999999999998 3.44011082201019 3.39908833276337 3.481133311257
8.99999999999998 3.42304841705919 3.38172966675864 3.46436716735975
9.09999999999998 3.40598601210819 3.3643710007539 3.44760102346249
9.19999999999998 3.3889236071572 3.34701233474916 3.43083487956523
9.29999999999998 3.3718612022062 3.32965366874443 3.41406873566797
9.39999999999998 3.3547987972552 3.31229500273969 3.39730259177071
9.49999999999998 3.3377363923042 3.29493633673495 3.38053644787345
9.59999999999998 3.3206739873532 3.27757767073022 3.36377030397619
9.69999999999998 3.30361158240221 3.26021900472548 3.34700416007893
9.79999999999998 3.28654917745121 3.24286033872074 3.33023801618168
9.89999999999998 3.26948677250021 3.22550167271601 3.31347187228442
9.99999999999998 3.25242436754921 3.20814300671127 3.29670572838716
10.1 3.23536196259822 3.19078434070653 3.2799395844899
10.2 3.21829955764722 3.1734256747018 3.26317344059264
10.3 3.20123715269622 3.15606700869706 3.24640729669538
10.4 3.18417474774522 3.13870834269232 3.22964115279812
10.5 3.16711234279423 3.12134967668759 3.21287500890086
10.6 3.15004993784323 3.10399101068285 3.19610886500361
10.7 3.13298753289223 3.08663234467811 3.17934272110635
10.8 3.11592512794123 3.06927367867338 3.16257657720909
10.9 3.09886272299023 3.05191501266864 3.14581043331183
11 3.08180031803924 3.0345563466639 3.12904428941457
11.1 3.06473791308824 3.01719768065917 3.11227814551731
11.2 3.04767550813724 2.99983901465443 3.09551200162005
11.3 3.03061310318624 2.98248034864969 3.07874585772279
11.4 3.01355069823525 2.96512168264496 3.06197971382554
11.5 2.99648829328425 2.94776301664022 3.04521356992828
11.6 2.97942588833325 2.93040435063548 3.02844742603102
11.7 2.96236348338225 2.91304568463075 3.01168128213376
11.8 2.94530107843125 2.89568701862601 2.9949151382365
11.9 2.92823867348026 2.87832835262127 2.97814899433924
12 2.91117626852926 2.86096968661654 2.96138285044198
12.1 2.89411386357826 2.8436110206118 2.94461670654472
12.2 2.87705145862726 2.82625235460706 2.92785056264747
12.3 2.85998905367627 2.80889368860232 2.91108441875021
12.4 2.84292664872527 2.79153502259759 2.89431827485295
12.5 2.82586424377427 2.77417635659285 2.87755213095569
12.6 2.80880183882327 2.75681769058811 2.86078598705843
12.7 2.79173943387228 2.73945902458338 2.84401984316117
12.8 2.77467702892128 2.72210035857864 2.82725369926391
12.9 2.75761462397028 2.7047416925739 2.81048755536665
13 2.74055221901928 2.68738302656917 2.7937214114694
13.1 2.72348981406828 2.67002436056443 2.77695526757214
13.2 2.70642740911729 2.65266569455969 2.76018912367488
13.3 2.68936500416629 2.63530702855496 2.74342297977762
13.4 2.67230259921529 2.61794836255022 2.72665683588036
13.5 2.65524019426429 2.60058969654548 2.7098906919831
13.6 2.6381777893133 2.58323103054075 2.69312454808584
13.7 2.6211153843623 2.56587236453601 2.67635840418858
13.8 2.6040529794113 2.54851369853127 2.65959226029133
13.9 2.5869905744603 2.53115503252654 2.64282611639407
14 2.5699281695093 2.5137963665218 2.62605997249681
14.1 2.55286576455831 2.49643770051706 2.60929382859955
14.2 2.53580335960731 2.47907903451233 2.59252768470229
14.3 2.51874095465631 2.46172036850759 2.57576154080503
14.4 2.50167854970531 2.44436170250285 2.55899539690777
14.5 2.48461614475432 2.42700303649812 2.54222925301051
14.6 2.46755373980332 2.40964437049338 2.52546310911326
14.7 2.45049133485232 2.39228570448864 2.508696965216
14.8 2.43342892990132 2.37492703848391 2.49193082131874
14.9 2.41636652495033 2.35756837247917 2.47516467742148
15 2.39930411999933 2.34020970647443 2.45839853352422
