# N    Time (seconds)
2    0.04
12    0.03
22    0.03
32    0.03
42    0.03
52    0.03
62    0.02
72    0.02
82    0.02
92    0.04
102    0.04
112    0.04
122    0.03
132    0.03
142    0.03
152    0.03
162    0.04
172    0.05
182    0.05
192    0.05
202    0.05
212    0.05
222    0.06
232    0.07
242    0.06
252    0.07
262    0.09
272    0.09
282    0.11
292    0.11
302    0.11
312    0.11
322    0.15
332    0.13
342    0.14
352    -3.27
362    0.15
372    0.16
382    0.16
392    0.18
402    0.21
412    0.22
422    0.23
432    0.23
442    0.24
452    0.25
462    0.26
472    0.30
482    0.31
492    0.31
502    0.31
