-1 0.35322690848236 0.354368287382636 0.192497730304415 0.133590924312439 -10.1800432417355 -9.00947814575391 0 0
-0.995991983967936 0.353916198818154 0.354830777748593 0.151339841778785 0.0970477519640004 -10.357143813417 -9.22506653328023 0.0014212895314657 0.00141717555313225
-0.991983967935872 0.354439114925153 0.355145079035733 0.109479446859554 0.0596466527732772 -10.5305666762377 -9.43754297388697 0.00284413690814475 0.00283678131780637
-0.987975951903808 0.354792871123738 0.355307778308074 0.0669316132997553 0.0214005882699928 -10.7001485156095 -9.64666361201918 0.0042679413289308 0.00425814486040628
-0.983967935871743 0.354974743436529 0.355315516537255 0.0237120624150278 -0.0176765034920499 -10.8657265397752 -9.85218506873874 0.00569208842033983 0.00568058270503342
-0.979959919839679 0.354982072203332 0.35516499251181 -0.0201628332699587 -0.0575697104594176 -11.0271386087784 -10.0538647483379 0.00711595046040944 0.00710340058605438
-0.975951903807615 0.354812264685615 0.354852966733857 -0.0646760528942549 -0.0982631503338196 -11.1842233645383 -10.2514611455679 0.0085388866182447 0.00852589371110885
-0.971943887775551 0.354462797658412 0.354376265298281 -0.109809930656778 -0.139739975558571 -11.336820361932 -10.4447341529294 0.00996024320914757 0.00994734703453203
-0.967935871743487 0.353931219987576 0.35373178374945 -0.155546159739677 -0.181982379535875 -11.4847702007865 -10.6334453674691 0.0113793539652504 0.0113670355411366
-0.963927855711423 0.353215155190232 0.352916490910559 -0.20186579676239 -0.224971604071832 -11.6279146586778 -10.8173583965261 0.0127955403215553 0.0127842245402916
-0.959919839679359 0.352312303976314 0.351927432680681 -0.248749266769414 -0.268687948043855 -11.7660968244363 -10.9962391618736 0.0142081117172579 0.0141981699702267
-0.955911823647295 0.351220446769039 0.350761735794638 -0.296176368754389 -0.313110777282948 -11.8991612322523 -11.1698562017024 0.0156163659122157 0.0156081187124806
-0.95190380761523 0.349937446202155 0.34941661154085 -0.344126281722731 -0.3582185356611 -12.0269539962767 -11.3379809698971 0.0170195893184057 0.0170133089164073
-0.947895791583166 0.348461249591818 0.347889359432343 -0.392577571294527 -0.40398875737184 -12.1493229456065 -11.5003881320604 0.0184170573461886 0.0184129703336394
-0.943887775551102 0.346789891380908 0.346177370826181 -0.441508196849067 -0.450398080389854 -12.2661177595479 -11.6568558577483 0.0198080347651871 0.019806324662406
-0.939879759519038 0.344921495553632 0.344278132486598 -0.490895519211879 -0.497422261093399 -12.3771901030439 -11.8071661083867 0.0211917760795573 0.0211925859015874
-0.935871743486974 0.342854278018225 0.342189230087241 -0.540716308884683 -0.545036190031176 -12.4823937621543 -11.9511049203474 0.0225675259174222 0.022570960714385
-0.93186372745491 0.340586548955575 0.339908351647943 -0.590946754818302 -0.593213908813205 -12.5815847794743 -12.0884626826756 0.0239345194342125 0.0239406488014736
-0.927855711422846 0.338116715131606 0.337433290901597 -0.641562473727972 -0.641928628103305 -12.6746215893753 -12.219034408969 0.0252919827296423 0.0253008432834947
-0.923847695390782 0.33544328217123 0.334761950586739 -0.69253851995019 -0.691152746688717 -12.7613651529525 -12.342620002926 0.0266391332780335 0.0266507310927417
-0.919839679358717 0.332564856791719 0.331892345661584 -0.74384939583962 -0.740857871600595 -12.8416790925611 -12.4590245170904 0.0279751803716795 0.0279894933738793
-0.915831663326653 0.329480148993318 0.328822606435368 -0.795469062704224 -0.791014839257132 -12.9154298258222 -12.5680584043412 0.0292993255769267 0.0293163058935285
-0.911823647294589 0.326187974204963 0.325550981612938 -0.847370952276208 -0.841593737599413 -12.9824866989795 -12.6695377616881 0.0306107632026355 0.0306303394585418
-0.907815631262525 0.322687255382948 0.322075841248694 -0.899527978715972 -0.892563929188256 -13.0427221194863 -12.7632845659539 0.031908680780661 0.0319307603427876
-0.903807615230461 0.318977025060424 0.318395679606081 -0.951912551145726 -0.943894075228767 -13.0960116877014 -12.8491269009457 0.0331922595579876 0.0332167307222446
-0.899799599198397 0.315056427345598 0.314509117918991 -1.00449658670897 -0.995552160487685 -13.1422343275734 -12.926899175733 0.0344606750001274 0.0344874091182113
-0.895791583166333 0.310924719866554 0.310414907051569 -1.05725152415147 -1.04750551906719 -13.1812724161902 -12.9964423336759 0.0357130973053851 0.0357419508484169
-0.891783567134269 0.306581275660594 0.306111930053063 -1.1101483379191 -1.09972086099735 -13.2130119120722 -13.0576040518674 0.0369486919295732 0.0369795084858169
-0.887775551102204 0.302025585006056 0.301599204604514 -1.16315755276706 -1.1521642996083 -13.2373424820865 -13.1102389306767 0.0381666201207522 0.0381992323248464
-0.88376753507014 0.297257257194556 0.296875885354242 -1.21624925887482 -1.20480137964164 -13.2541576268597 -13.1542086731034 0.0393660394635549 0.0394002708548971
-0.879759519038076 0.292276022241651 0.291941266139253 -1.26939312746057 -1.25759710605997 -13.2633548045651 -13.1893822536813 0.0405461044326433 0.0405817712407741
-0.875751503006012 0.287081732533924 0.286794782089842 -1.32255842688829 -1.31051597351192 -13.2648355529641 -13.2156360766886 0.041705966954837 0.0417428798098828
-0.871743486973948 0.281674364410545 0.281436011614863 -1.37571403926025 -1.36352199640965 -13.2585056095774 -13.232854123455 0.0428447769794368 0.0428827425458867
-0.867735470941884 0.276054019677358 0.275864678265294 -1.42882847748726 -1.4165787395744 -13.2442750298654 -13.2409280885771 0.0439616830562639 0.0440005055885695
-0.86372745490982 0.270220927051613 0.270080652473905 -1.48186990282836 -1.46964934940569 -13.2220583032949 -13.2397575048818 0.0450558329209192 0.0450953157396265
-0.859719438877755 0.264175443535473 0.264083953169034 -1.53480614289127 -1.52269658552845 -13.1917744671721 -13.2292498570066 0.0461263740867649 0.0461663209741065
-0.855711422845691 0.257918055716467 0.257874749260633 -1.58760471008441 -1.57568285287246 -13.1533472181215 -13.2093206834896 0.0471724544431177 0.04721267095721
-0.851703406813627 0.25144938099309 0.251453360996951 -1.64023282051084 -1.6285702341378 -13.106705021091 -13.1798936672928 0.0481932228591397 0.0482335175661531
-0.847695390781563 0.244770168723818 0.244820261190401 -1.69265741329388 -1.68132052259987 -13.051781215764 -13.1409007147076 0.0491878297929058 0.0492280154167888
-0.843687374749499 0.237881301297814 0.237976076311342 -1.74484517032391 -1.73389525520726 -12.9885141202628 -13.0922820226209 0.0501554279051189 0.0501953223946779
-0.839679358717435 0.230783795125657 0.230921587448691 -1.79676253641513 -1.78625574592601 -12.9168471320249 -13.0339861341475 0.0510951726769437 0.0511346001902919
-0.835671342685371 0.223478801548494 0.223657731136477 -1.84837573986079 -1.8383631192835 -12.836728825739 -12.9659699826604 0.0520062230314215 0.0520450148380229
-0.831663326653307 0.21596760766401 0.216185600045631 -1.89965081337491 -1.89017834406571 -12.7481130482257 -12.8881989242799 0.0528877419579278 0.0529257372586717
-0.827655310621243 0.208251637067724 0.20850644354048 -1.95055361540793 -1.94166226712166 -12.6509590101519 -12.8006467589091 0.0537388971391326 0.053775943805078
-0.823647294589178 0.20033245050812 0.200621668099621 -2.00104985182342 -1.99277564722946 -12.5452313744677 -12.703295739928 0.0545588615799184 0.0545948168105479
-0.819639278557114 0.192211746454187 0.192532837601007 -2.05110509792252 -2.04347918897864 -12.4309003414584 -12.5961365726871 0.0553468142377135 0.0553815451397335
-0.81563126252505 0.183891361574028 0.184241673471272 -2.1006848208023 -2.09373357662434 -12.3079417303034 -12.4791684019648 0.0561019406536958 0.0561353247416087
-0.811623246492986 0.17537327112319 0.175750054699505 -2.14975440203384 -2.14349950786933 -12.1763370570382 -12.3523987885784 0.0568234335843228 0.0568553592041828
-0.807615230460922 0.166659589241505 0.167060017715835 -2.19827916064538 -2.19273772753106 -12.0360736088179 -12.2158436753639 0.057510493632647 0.0575408603105884
-0.803607214428858 0.15775256915721 0.158173756135382 -2.24622437639555 -2.24140906105124 -11.8871445143794 -12.0695273427594 0.0581623298788735 0.0581910485961721
-0.799599198396794 0.148654603297243 0.149093620368284 -2.29355531332126 -2.28947444780716 -11.7295488106074 -11.9134823542546 0.0587781605096225 0.0588051539062166
-0.795591182364729 0.139368223302628 0.139822117096678 -2.34023724354441 -2.33689497418448 -11.5632915051069 -11.7477494919852 0.059357213445363 0.059382415953916
-0.791583166332665 0.129896099947957 0.130361908619667 -2.38623547132116 -2.38363190637258 -11.3883836346897 -11.5723776827742 0.059898726965485 0.0599220848782178
-0.787575150300601 0.120241042964016 0.120715812067458 -2.4315153573174 -2.42964672284493 -11.2048423196855 -11.3874239149425 0.0604019503304823 0.0604234218011526
-0.783567134268537 0.110406000762699 0.110886798486021 -2.47604234309328 -2.47490114648807 -11.0126908139903 -11.1929531462248 0.0608661444007279 0.0608856993842531
-0.779559118236473 0.100394060063384 0.100877991793723 -2.51978197577972 -2.51935717634432 -10.8119585507667 -10.98903820315 0.0612905822513213 0.0613082023836764
-0.775551102204409 0.0902084454200653 0.0906926676115792 -2.56269993292919 -2.56297711893466 -10.6026811837166 -10.7757596722555 0.0616745497825026 0.0616902282036283
-0.771543086172345 0.0798525186485534 0.0803342519688476 -2.60476204752295 -2.60572361912991 -10.3849006238467 -10.553205783523 0.062017346325125 0.0620310874476937
-0.767535070140281 0.069329778153163 0.0698063198858548 -2.64593433311646 -2.64755969053983 -10.1586650716529 -10.3214722864346 0.0623182852406953 0.0623301044676685
-0.763527054108216 0.0586438581523785 0.0591125938360314 -2.68618300910447 -2.68844874539123 -9.9240290446519 -10.0806623190601 0.0625766945154897 0.0625866179094919
-0.759519038076152 0.0477985278030405 0.0482569420892667 -2.72547452608707 -2.72835462386826 -9.68105340019185 -9.83088627059823 0.0627919173482678 0.0627999812558703
-0.755511022044088 0.0367976902226988 0.0372433769387875 -2.76377559131757 -2.76724162288928 -9.42980535347742 -9.5722616377993 0.0629633127311124 0.0629695633651886
-0.751503006012024 0.0256453814098368 0.0260760528138677 -2.80105319421291 -2.80507452429671 -9.17035849074913 -9.3049128757102 0.0630902560229326 0.0630947490062973
-0.74749498997996 0.0143457690617551 0.0147592642807651 -2.8372746319071 -2.84181862243814 -8.90279277755914 -9.02897124318287 0.0631721395151787 0.0631749393887675
-0.743486973947896 0.00290315128998787 0.00329744393436703 -2.87240753482795 -2.87743975111834 -8.6271945620907 -8.74457464359508 0.0632083729893237 0.0632095526882022
-0.739478957915832 -0.00867804476681009 -0.0083048398168964 -2.90641989227704 -2.91190430990418 -8.34365657347161 -8.45186746123431 0.0631983842656812 0.0631980245661929
-0.735470941883767 -0.0203932644324745 -0.0200428850702455 -2.93928007799283 -2.94517928976573 -8.05227791503646 -8.15100039379647 0.0631416197431341 0.063139808684513
-0.731462925851703 -0.0322378270853278 -0.0319118588491592 -2.97095687567661 -2.977232298039 -7.75316405249647 -7.84213028145161 0.0630375449293651 0.0630343772131333
-0.727454909819639 -0.0442069278523798 -0.043906799622652 -3.0014195044607 -3.00803158269753 -7.44642679697942 -7.52541993292669 0.0628856449611864 0.0628812213316534
-0.723446893787575 -0.0562956394054532 -0.0560226199204293 -3.03063764429843 -3.03754605592155 -7.13218428290706 -7.20103794905228 0.0626854251145779 0.0626798517237373
-0.719438877755511 -0.0684989138588806 -0.0682541090410841 -3.05858146125494 -3.06574531695569 -6.81056094068125 -6.86915854421545 0.0624364113040584 0.0624297990641475
-0.715430861723447 -0.0808115847683369 -0.0805959358504695 -3.08522163267818 -3.09259967424753 -6.48168746415428 -6.52996136615484 0.0621381505710191 0.062130614497969
-0.711422845691383 -0.0932283692302768 -0.0930426516673512 -3.11052937222896 -3.11808016686133 -6.14570077286394 -6.18363131452618 0.0617902115606651 0.0617818701116208
-0.707414829659319 -0.105743870081381 -0.105588693233428 -3.13447645474916 -3.14215858516272 -5.8027439690174 -5.83035835865762 0.0613921849872233 0.0613831593952524
-0.703406813627254 -0.118352578197313 -0.118228385764789 -3.15703524094697 -3.16480749077215 -5.45296628921325 -5.4703373549036 0.0609436840870789 0.0609340976961245
-0.69939879759519 -0.131048874890013 -0.130955946081883 -3.1781787018781 -3.18600023578601 -5.09652305089538 -5.10376786399437 0.0604443450595264 0.0604343226625795
-0.695390781563126 -0.143827034402666 -0.143765485815052 -3.19788044320176 -3.20571098126642 -4.73357559353676 -4.73085396876507 0.0598938274948214 0.0598834946782068
-0.691382765531062 -0.156681226501407 -0.156651014682718 -3.21611472919044 -3.2239147150018 -4.36429121455627 -4.35180409263402 0.0592918147892384 0.0592812972858152
-0.687374749498998 -0.169605519162728 -0.169606443839292 -3.23285650647219 -3.24058726854202 -3.98884309997591 -3.96683081918429 0.0586380145468494 0.058627437600823
-0.683366733466934 -0.182593881355467 -0.182625589289921 -3.24808142748454 -3.25570533351318 -3.60741024983106 -3.57615071318618 0.0579321589677478 0.0579216467136907
-0.67935871743487 -0.195640185916194 -0.195702175369185 -3.26176587361892 -3.26924647721852 -3.22017739835063 -3.17998414338029 0.0571740052224591 0.0571636800810119
-0.675350701402806 -0.208738212516704 -0.208829838280914 -3.27388697803476 -3.28118915753301 -2.82733492892904 -2.77855510732228 0.0563633358122829 0.0563533179048968
-0.671342685370741 -0.221881650722253 -0.222002129696291 -3.28442264812238 -3.29151273710058 -2.4290787839166 -2.37209105857091 0.055499958915331 0.0554903655002796
-0.667334669338677 -0.235064103139082 -0.235212520407486 -3.29335158759397 -3.30019749684383 -2.02561036926003 -1.96082273648033 0.0545837087180328 0.0545746536497876
-0.663326653306613 -0.24827908864971 -0.248454404034071 -3.30065331818212 -3.30722464879714 -1.61713645402907 -1.54498399883648 0.0536144457318873 0.0536060389458201
-0.659318637274549 -0.261520045734371 -0.261721100779535 -3.30630820092551 -3.31257634827508 -1.2038690648705 -1.1248116575554 0.052592057095262 0.0525844041194856
-0.655310621242485 -0.2747803358769 -0.275005861235266 -3.31029745702142 -3.3162357053888 -0.786025375435567 -0.700545317638918 0.0515164568600372 0.0515096583560574
-0.651302605210421 -0.2880532470533 -0.288301870229396 -3.31260318822508 -3.31818679592367 -0.3638275908313 -0.272427219559991 0.0503875862629139 0.0503817375966123
-0.647294589178357 -0.301331997301124 -0.301602250717993 -3.31320839677609 -3.31841467159243 0.0624971728482408 0.159297914773465 0.0492054139812098 0.0492006048255236
-0.643286573146293 -0.314609738367749 -0.314900067716123 -3.31209700483214 -3.31690536967827 0.492717013850896 0.594383032351153 0.0479699363729784 0.04796625034349
-0.639278557114228 -0.327879559435508 -0.328188332266356 -3.30925387339085 -3.31364592208299 0.926595374889955 1.03257889558846 0.0466811777012971 0.0466786920257861
-0.635270541082164 -0.341134490921618 -0.341460005442381 -3.30466482068055 -3.3086243637957 1.3638911779926 1.47363422497316 0.0453391903425774 0.045337975565434
-0.6312625250501 -0.354367508350716 -0.354708002385416 -3.29831664000125 -3.3018297407975 1.80435896399853 1.91729583777844 0.0439440549787629 0.0439441747009962
-0.627254509018036 -0.367571536297765 -0.367925196371211 -3.29019711699729 -3.29325211741831 2.24774903662937 2.36330878281363 0.0424958807732864 0.0424973914287065
-0.623246492985972 -0.380739452399027 -0.381104422905453 -3.28029504634358 -3.28288258316144 2.69380761104479 2.81141647120896 0.0409948055306701 0.0409977561986616
-0.619238476953908 -0.393864091428708 -0.39423848384549 -3.26860024782753 -3.27071325901196 3.14227696679688 3.26136080325377 0.0394409958396565 0.0394454280948
-0.615230460921844 -0.406938249438815 -0.407320151546332 -3.25510358180931 -3.2567373032445 3.5928956050894 3.71288229133163 0.0378346471997705 0.037840594998421
-0.61122244488978 -0.419954687959708 -0.420342173028948 -3.23979696404335 -3.24094891674605 4.04539841024408 4.16572017901887 0.03617598413122 0.0361834737349807
-0.607214428857715 -0.432906138258751 -0.433297274168956 -3.22267337984439 -3.22334334786901 4.49951681527214 4.61961255643569 0.0344652602680461 0.0344743102039413
-0.603206412825651 -0.445785305654393 -0.446178163903839 -3.2037268975819 -3.20391689682911 4.95497897144387 5.07429647196116 0.0327027584344498 0.0327133794914354
-0.599198396793587 -0.458584873882965 -0.458977538456912 -3.182952681487 -3.18266691966282 5.41150992174588 5.52950804044465 0.0308887907042201 0.0309009859655352
-0.595190380761523 -0.47129750951541 -0.471688085576278 -3.16034700375661 -3.1595918317576 5.86883177811042 5.9849825480672 0.0290236984432025 0.0290374633539169
-0.591182364729459 -0.483915866421086 -0.484302488787111 -3.13590725593987 -3.13469111096853 6.32666390229765 6.44045455402569 0.0271078523347507 0.0271231748037279
-0.587174348697395 -0.496432590275742 -0.49681343165561 -3.10963195959244 -3.10796530033324 6.78472309030709 6.89565798923205 0.0251416523881103 0.0251585129234754
-0.583166332665331 -0.508840323110717 -0.509213602063061 -3.08152077618486 -3.07941601039697 7.24272376019101 7.35032625223702 0.0231255279296926 0.0231438998067584
-0.579158316633267 -0.521131707900323 -0.521495696488445 -3.05157451625157 -3.04904592115839 7.70037814313814 7.80419230260533 0.0210599375771995 0.0210797870376946
-0.575150300601202 -0.53329939318436 -0.533652424298109 -3.01979514776763 -3.01685878364578 8.15739647769242 8.25698875198433 0.0189453691965701 0.0189666556778863
-0.571142284569138 -0.545336037722633 -0.54567651204102 -2.98618580374112 -2.98285942113249 8.61348720696781 8.70844795312283 0.0167823398417208 0.0168050162347934
-0.567134268537074 -0.557234315178317 -0.55756070774819 -2.95075078900917 -2.94705372999923 9.06835717871644 9.15830208710982 0.0145713956770631 0.0145954086113945
-0.56312625250501 -0.568986918826933 -0.569297785234854 -2.91349558622673 -2.90944868024977 9.52171184810401 9.6062832491146 0.0123131118827819 0.0123384020370223
-0.559118236472946 -0.5805865662877 -0.580880548404029 -2.87442686103745 -2.87005231568561 9.97325548304272 10.0521235329203 0.0100080925428677 0.010034594979281
-0.555110220440882 -0.592026004273954 -0.592301835550102 -2.83355246641663 -2.82887375374364 10.4226913719288 10.4955551145519 0.00765697051589975 0.00768461503696048
-0.551102204408818 -0.603298013359302 -0.603554523661096 -2.79088144617709 -2.78592318500001 10.8697220336285 10.9363103353064 0.00526040728858262 0.00528911881387711
-0.547094188376753 -0.614395412756128 -0.614631532718277 -2.74642403762912 -2.74121187234183 11.3140494295541 11.3741217845004 0.00281909281204348 0.0028487917735871
-0.543086172344689 -0.625311065103058 -0.625525829991782 -2.70019167338648 -2.69475214980727 11.7553751776661 11.8087223822535 0.000333745320905077 0.000364348074927753
-0.539078156312625 -0.636037881257939 -0.636230434330927 -2.65219698231118 -2.64655742109326 12.193400768239 12.2398454626285 -0.0021948888648492 -0.00216346961164134
-0.535070140280561 -0.646568825092861 -0.646738420447875 -2.60245378959013 -2.59664215772871 12.6278277812214 12.667224857452 -0.00476603555519214 -0.00473389030691359
-0.531062124248497 -0.656896918287746 -0.657042923193289 -2.55097711593772 -2.54502189690984 13.0583581050206 13.0905949811372 -0.00737889292252306 -0.00734611494502677
-0.527054108216433 -0.667015245118975 -0.667137141822645 -2.49778317591897 -2.49171323899307 13.4846941565404 13.5096909168303 -0.0100326317512575 -0.00999931661475806
-0.523046092184369 -0.676916957239522 -0.677014344251784 -2.4428893753885 -2.43673384463936 13.9065391022956 13.9242485041955 -0.0127263957044943 -0.012692640819998
-0.519038076152305 -0.686595278447046 -0.686667871300314 -2.38631430804143 -2.38010243160296 14.3235970804282 14.3340044291519 -0.0154593016077157 -0.0154252057593577
-0.51503006012024 -0.696043509436379 -0.696091140921417 -2.32807775107294 -2.32183877115606 14.7355734234449 14.7386963158662 -0.0182304397494679 -0.0181961026248591
-0.511022044088176 -0.705255032532821 -0.705277652416579 -2.26820065994391 -2.2619636841397 15.1421748814967 15.1380628212973 -0.0210388741989661 -0.0210043959196347
-0.507014028056112 -0.714223316402657 -0.714220990633722 -2.20670516225092 -2.20049903663017 15.5431098460179 15.531843732579 -0.0238836431405575 -0.023849123794554
-0.503006012024048 -0.722941920737324 -0.72291483014718 -2.14361455069945 -2.13746773520896 15.9380885735405 15.9197800675165 -0.0267637592249768 -0.0267292984036783
-0.498997995991984 -0.731404500907595 -0.731352939417904 -2.07895327517999 -2.07289372182316 16.3268234094996 16.3016141784562 -0.0296782099373146 -0.0296439062784314
-0.49498997995992 -0.739604812584228 -0.739529184932211 -2.01274693394747 -2.00680196822251 16.7090290118441 16.6770898597783 -0.0326259579816183 -0.0325919087203584
-0.490981963927856 -0.74753671632145 -0.74743753531738 -1.94502226390518 -1.93921846995783 17.084422574264 17.0459524592409 -0.0356059416820347 -0.0355722422123284
-0.486973947895792 -0.755194182099715 -0.755072065432273 -1.87580712999503 -1.8701702399252 17.4527240488484 17.4079489933921 -0.0386170754003989 -0.038583818848032
-0.482965931863727 -0.762571293824154 -0.762426960431157 -1.80513051369686 -1.79968530143904 17.8136563679842 17.7628282672417 -0.0416582499701662 -0.0416255267795942
-0.478957915831663 -0.769662253775142 -0.769496519798775 -1.73302250064025 -1.7277926808167 18.1669456653076 18.1103409983722 -0.0447283331465728 -0.044696230683125
-0.474949899799599 -0.776461387007449 -0.776275161354701 -1.65951426733292 -1.65452239945654 18.5123214955178 18.4502399456388 -0.0478261700729103 -0.0477947722420057
-0.470941883767535 -0.782963145694432 -0.782757425224885 -1.58463806701074 -1.5799054653906 18.849517052865 18.7822800425945 -0.0509505837627841 -0.0509199706476972
-0.466933867735471 -0.789162113413764 -0.788937977778268 -1.508427214615 -1.503973864293 19.1782693881218 19.1062185357461 -0.0541003755982199 -0.0540706231178445
-0.462925851703407 -0.79505300937121 -0.794811615526225 -1.43091607090339 -1.42676054992431 19.49831962385 19.4218151277281 -0.0572743258434752 -0.0572455054314358
-0.458917835671343 -0.800630692559003 -0.800373268982552 -1.35214002570197 -1.3482994339921 19.8094131677739 19.7288321254532 -0.060471194174401 -0.0604433724807601
-0.454909819639279 -0.805890165845376 -0.805618006481607 -1.27213548030598 -1.26862537540774 20.1112999240707 20.0270345932744 -0.0636897202231921 -0.0636629588398951
-0.450901803607214 -0.810826579991872 -0.810541037952151 -1.19093982903837 -1.18777416891915 20.4037345023925 20.3161905111654 -0.0669286241383514 -0.0669029793494418
-0.44689378757515 -0.815435237595066 -0.815137718644345 -1.10859143997528 -1.10578253309962 20.686476424432 20.5960709379013 -0.0701866071596887 -0.0701621297172112
-0.442885771543086 -0.819711596949379 -0.819403552807277 -1.02512963484903 -1.02268809767268 20.9592903278467 20.8664501791919 -0.0734623522081565 -0.0734390871345513
-0.438877755511022 -0.823651275827717 -0.823334197314329 -0.940594668139174 -0.938529390153121 21.2219461673584 21.1271059606949 -0.0767545244903247 -0.0767325109079939
-0.434869739478958 -0.827250055176698 -0.826925465233599 -0.855027705363688 -0.853345821785183 21.4742194128446 21.3778196058048 -0.080061772117274 -0.0800410431058828
-0.430861723446894 -0.830503882723283 -0.830173329340517 -0.768470800582403 -0.767177672758622 21.7158912442403 21.6183762180877 -0.0833827267376866 -0.0833633092196369
-0.42685370741483 -0.833408876489691 -0.833073925569734 -0.680966873126042 -0.680066076684628 21.946748743073 21.8485648682043 -0.086716004184894 -0.0866979188392862
-0.422845691382766 -0.835961328213507 -0.835623556403272 -0.592559683564581 -0.592053004313823 22.1665850804516 22.0681787851325 -0.0900602051376334 -0.0900434663429056
-0.418837675350701 -0.838157706669979 -0.837818694191878 -0.503293808929572 -0.503181246479597 22.3751997013356 22.2770155514765 -0.0934139157942511 -0.0933985315995617
-0.414829659318637 -0.839994660893527 -0.839655984406425 -0.413214617205635 -0.413494396250827 22.5723985049114 22.4748773026184 -0.0967757085600786 -0.0967616806853758
-0.410821643286573 -0.841469023295581 -0.841132248816178 -0.322368241107106 -0.323036830279165 22.757994020906 22.6615709294446 -0.100144142747696 -0.10013146661229
-0.406813627254509 -0.842577812675911 -0.842244488590657 -0.230801551156412 -0.231853689327103 22.9318055816698 22.8369082843488 -0.103517765289779 -0.103506430069118
-0.402805611222445 -0.84331823712468 -0.842989887321802 -0.13856212808152 -0.13999085796435 23.093659489866 23.000706390191 -0.106895111464224 -0.106885100174448
-0.398797595190381 -0.843687696812534 -0.843365813963065 -0.0456982345503275 -0.0474949434213509 23.2433891816019 23.1527876518633 -0.110274705631218 -0.11026599524095
-0.394789579158317 -0.843683786666107 -0.843369825682047 0.0477412137393489 0.0455867464097661 23.3808353848469 23.2929800700922 -0.113655061981913 -0.113647623550642
-0.390781563126252 -0.843304298926385 -0.84299967062324 0.141706677595054 0.139206225834981 23.5058462729805 23.4211174570798 -0.117034685298364 -0.117028484140646
-0.386773547094188 -0.842547225587488 -0.84225329057741 0.236148024470351 0.233314855085464 23.6182776133191 23.5370396535678 -0.120412071724346 -0.120407067598949
-0.382765531062124 -0.841410760713452 -0.841128823554128 0.331014559190507 0.327863364916783 23.7179929104742 23.6405927468842 -0.123785709546679 -0.123781856869709
-0.37875751503006 -0.839893302630738 -0.83962460625397 0.426255055242108 0.422801882083225 23.8048635443973 23.7316292895129 -0.127154079986665 -0.127151328067588
-0.374749498997996 -0.83799345599423 -0.837739176436841 0.521817786605133 0.518079955688429 23.8787689029727 23.8100085177095 -0.130515658001227 -0.130513951300627
-0.370741482965932 -0.835710033724597 -0.835471275182945 0.617650560105273 0.613646584411492 23.939596509021 23.8755965696673 -0.133868913093324 -0.133868191501135
-0.366733466933868 -0.833042058814994 -0.832819849042869 0.713700748263867 0.709450244605728 23.9872421415828 23.9282667027228 -0.137212310131212 -0.137212509264094
-0.362725450901804 -0.829988766005125 -0.82978405207332 0.809915322622278 0.805438919265206 24.0216099513544 23.9678995090755 -0.140544310176085 -0.140545361692528
-0.35871743486974 -0.826549603320843 -0.826363247755026 0.906240887517012 0.90156012785201 24.0426125701542 23.9943831294856 -0.143863371317652 -0.143865203249323
-0.354709418837675 -0.82272423347751 -0.82255701078938 1.00262371428141 0.997760956975044 24.0501712143003 24.0076134643999 -0.147167949517149 -0.147170486614936
-0.350701402805611 -0.818512535145461 -0.818365128770438 1.09900977584928 1.09398809190895 24.0442157817874 24.0074943819497 -0.15045649945731 -0.150459663550461
-0.346693386773547 -0.813914604076016 -0.813787603728928 1.19534478173544 1.19018784893946 24.0246849431546 23.993937922257 -0.153727475398785 -0.153731185765483
-0.342685370741483 -0.808930754086578 -0.808824653544984 1.29157421336763 1.28630620851932 23.9915262259396 23.9668644974785 -0.156979332042471 -0.156983505790161
-0.338677354709419 -0.803561517903449 -0.803476713226401 1.38764335974386 1.38228884921637 23.944696092624 23.926203087016 -0.16021052539726 -0.160215077850984
-0.334669338677355 -0.797807647861138 -0.797744436049267 1.48349735338903 1.47808118243355 23.8841600119742 23.8718914273188 -0.163419513652612 -0.163424358749605
-0.330661322645291 -0.791670116456986 -0.791628694557933 1.57908120658406 1.57362838787773 23.8098925236928 23.8038761957049 -0.166604758055434 -0.166609808744202
-0.326653306613226 -0.785150116760088 -0.785130581421362 1.67433984784063 1.66887544975236 23.7218772962971 23.7221131876313 -0.169764723790676 -0.169769892432755
-0.322645290581162 -0.778249062673578 -0.778251410143008 1.76921815859414 1.76376719364663 23.6201071781502 23.6265674868476 -0.172897880865062 -0.172903079637681
-0.318637274549098 -0.770968589049454 -0.770992715621503 1.86366101008744 1.8582483240913 23.5045842415726 23.5172136278741 -0.176002704993376 -0.176007846291218
-0.314629258517034 -0.763310551655238 -0.763356254559531 1.95761330041735 1.95226346274956 23.3753198199704 23.3940357502544 -0.179077678486686 -0.179082675320976
-0.31062124248497 -0.755277026991878 -0.75534400571842 2.05101999171586 2.04575718720866 23.2323345379219 23.2570277440447 -0.182121291141902 -0.182126057535053
-0.306613226452906 -0.746870311962392 -0.74695817001611 2.14382614743779 2.13867407033625 23.0756583341682 23.1061933860117 -0.185132041132038 -0.185136492506127
-0.302605210420842 -0.738092923390911 -0.738201170466315 2.23597696972621 2.23095872016315 22.9053304774622 22.9415464660307 -0.188108435896549 -0.188112489453913
-0.298597194388778 -0.728947597391848 -0.729075651956839 2.32741783682708 2.32255582025224 22.7213995752348 22.7631109031864 -0.191048993031108 -0.191052568125396
-0.294589178356713 -0.71943728858905 -0.719584480865202 2.41809434052416 2.41341017051124 22.5239235750432 22.5709208511035 -0.193952241176166 -0.193955259672239
-0.290581162324649 -0.709565169184932 -0.709730744509857 2.50795232356515 2.50346672840531 22.3129697587742 22.3650207920499 -0.196816720903635 -0.196819107524753
-0.286573146292585 -0.69933462787966 -0.699517750435511 2.59693791705009 2.5926706505236 22.0886147295783 22.1454656193817 -0.199640985601053 -0.199642668261838
-0.282565130260521 -0.688749268640615 -0.688949025531212 2.68499757775282 2.68096733445224 21.8509443915202 21.9123207079187 -0.202423602352541 -0.202424512476296
-0.278557114228457 -0.677812909322447 -0.678028314980081 2.77207812534618 2.76830246090444 21.600053921936 21.66566197187 -0.205163152815888 -0.205163225634904
-0.274549098196393 -0.666529580138178 -0.666759581039746 2.8581267795019 2.85462203605734 21.3360477364928 21.4055759099531 -0.207858234095094 -0.207857408932668
-0.270541082164329 -0.654903521981902 -0.65514700165277 2.94309119683576 2.93987243404339 21.0590394469551 21.1321596373781 -0.210507459607676 -0.210505680140642
-0.266533066132265 -0.64293918460377 -0.643194968886549 3.02691950766885 3.02400043954317 20.7691518116666 20.8455209044035 -0.213109459946072 -0.213106674446731
-0.2625250501002 -0.630641224638058 -0.630908087202385 3.1095603525759 3.10695329042518 20.466516678764 20.5457781011954 -0.215662883732438 -0.215659045288888
-0.258517034068136 -0.618014503485209 -0.618291171553651 3.19096291869137 3.18867872037724 20.1512749221448 20.2330602487589 -0.218166398466181 -0.218161465180112
-0.254509018036072 -0.605064085048915 -0.605349245313212 3.27107697574445 3.26912500147338 19.8235763702177 19.9075069757442 -0.22061869136351 -0.220612626524661
-0.250501002004008 -0.591795233329337 -0.592087538030446 3.34985291179416 3.3482409866191 19.4835797274716 19.5692684809609 -0.223018470188351 -0.223011242424914
-0.246492985971944 -0.57821340987377 -0.578511483018495 3.42724176863564 3.42597615181755 19.1314524889038 19.2185054814749 -0.225364464073926 -0.225356047478301
-0.24248496993988 -0.564324271086091 -0.564626714772564 3.50319527684935 3.50228063819866 18.7673708473562 18.8553891461942 -0.227655424334325 -0.227645798563722
-0.238476953907816 -0.550133665396496 -0.550439066220336 3.57766589046472 3.57710529375285 18.3915195938132 18.4801010148903 -0.229890125265391 -0.229879275616911
-0.234468937875752 -0.535647630293128 -0.535954565805814 3.65060682121013 3.65040171471101 18.0040920107224 18.0928329026362 -0.232067364934251 -0.232055282394174
-0.230460921843687 -0.520872389217298 -0.521179434408112 3.72197207232154 3.72212228651221 17.6052897584053 17.693786789683 -0.234185965956833 -0.234172647223961
-0.226452905811623 -0.505814348324141 -0.506120082096971 3.79171647188206 3.79222022430098 17.1953227546302 17.2831746968327 -0.236244776262697 -0.236230223745715
-0.222444889779559 -0.490480093110624 -0.490783104727005 3.85979570566527 3.86064961289621 16.7744090474274 16.8612185464046 -0.238242669846544 -0.238226891635477
-0.218436873747495 -0.474876384912958 -0.475175280372904 3.92616634945545 3.92736544617402 16.3427746812332 16.4281500089292 -0.240178547505753 -0.240161557317716
-0.214428857715431 -0.459010157275571 -0.459303565608053 3.990785900818 3.99232366580802 15.9006535564516 15.9842103357437 -0.242051337563318 -0.242033154662853
-0.210420841683367 -0.442888512193875 -0.443175091629271 4.05361281029405 4.0554811993106 15.4482872825347 15.5296501776971 -0.243859996575555 -0.243840645669988
-0.206412825651303 -0.426518716233219 -0.426797160230569 4.1146065119933 4.11679599732014 14.9859250246827 15.0647293902156 -0.245603510023983 -0.245583021134313
-0.202404809619238 -0.409908196526457 -0.410177239629057 4.17372745355991 4.17622707008016 14.5138233442741 14.5897168250088 -0.247280892990755 -0.247259301298727
-0.198396793587174 -0.393064536652724 -0.39332296014636 4.23093712548643 4.23373452305727 14.0322460331417 14.1048901087385 -0.248891190817086 -0.248868536489169
-0.19438877755511 -0.375995472400062 -0.37624210974908 4.28619808975132 4.28927959164654 13.5414639418137 13.6105354090047 -0.250433479744077 -0.250409807733205
-0.190380761523046 -0.358708887414661 -0.358942629452074 4.33947400775626 4.34282467491414 13.0417548018487 13.1069471880357 -0.251906867535389 -0.251882227361391
-0.186372745490982 -0.341212808739572 -0.341432608588503 4.39072966753973 4.39433336832886 12.5334030423942 12.5944279445057 -0.253310494081235 -0.253284939590992
-0.182364729458918 -0.32351540224584 -0.323720279950797 4.43993101024397 4.44377049543572 12.0166996011072 12.0732879439314 -0.254643531983139 -0.254617121091589
-0.178356713426854 -0.305624967959076 -0.305814014806862 4.48704515581306 4.49110213842703 11.4919417295797 11.5438449381314 -0.255905187118981 -0.255877981532172
-0.17434869739479 -0.287549935284628 -0.287722317796048 4.53204042790042 4.5362956675678 10.9594327934155 11.0064238742593 -0.257094699187818 -0.257066764109291
-0.170340681362725 -0.269298858134528 -0.269453821709533 4.57488637796453 4.57931976943518 10.4194820671128 10.4613565939508 -0.258211342234019 -0.258182746055877
-0.166332665330661 -0.250880409959528 -0.251017282159976 4.61555380853231 4.62014447393298 9.87240452390854 9.90898152314802 -0.259254425150251 -0.259225239130341
-0.162324649298597 -0.232303378689594 -0.232421572145397 4.6540147956105 4.65874118004541 9.31852062074779 9.34964335318911 -0.26022329215889 -0.26019359008557
-0.158316633266533 -0.213576661586327 -0.213675676512436 4.69024271022561 4.69508268029618 8.75815607854505 8.78369271377384 -0.261117323271444 -0.261087181117468
-0.154308617234469 -0.194709260010811 -0.194788686324211 4.72421223907403 4.72914318388146 8.19164165790854 8.21148583843371 -0.261935934725583 -0.261905430292705
-0.150300601202405 -0.17571027411052 -0.175769793138173 4.75589940426443 4.76089833844823 7.6193129305035 7.63338422315445 -0.262678579399421 -0.262647791955318
-0.146292585170341 -0.156588897428945 -0.156628283199429 4.78528158213539 4.79032525049172 7.04151004623438 7.04975427881394 -0.263344747202691 -0.263313757111869
-0.142284569138277 -0.137354411441672 -0.137373531555125 4.81233752113172 4.81740250434853 6.45857749642966 6.46096697811198 -0.263933965444484 -0.263902853794848
-0.138276553106212 -0.118016180022733 -0.118014996095541 4.83704735872404 4.84211017976476 5.8708638732172 5.86739749767973 -0.264445799177247 -0.264414647404033
-0.134268537074148 -0.0985836438450797 -0.0985622115276709 4.85939263735653 4.86442986802121 5.27872162528143 5.26942485606575 -0.264879851516771 -0.264848741025543
-0.130260521042084 -0.0790663147191142 -0.0790247832870828 4.87935631940887 4.8843446866006 4.6825068101974 4.66743154830217 -0.265235763937889 -0.265204775728317
-0.12625250501002 -0.0594737698732445 -0.0594123813939394 4.89692280115898 4.90183929238428 4.08257884353981 4.06180317775895 -0.26551321654566 -0.265482430837784
-0.122244488977956 -0.0398156461805051 -0.0397347342590851 4.91207792573406 4.91689989336939 3.47930024496853 3.45292808599635 -0.265711928321834 -0.26568142418651
-0.118236472945892 -0.0201016343353149 -0.0200016224461515 4.92480899503824 4.92951425889942 2.87303638149492 2.84119698132532 -0.265831657346391 -0.265801512341588
-0.114228456913828 -0.000341472984497789 -0.000222872395640797 4.93510478064593 4.93967172840478 2.26415520813613 2.227002566783 -0.265872200994005 -0.265842490808607
-0.110220440881764 0.0194550571832663 0.0195916498830334 4.94295553365074 4.94736321865221 1.65302700616711 1.61073916822549 -0.265833396105292 -0.26580419421201
-0.106212424849699 0.0392781393853585 0.0394320451455755 4.94835299346102 4.95258122950501 1.04002411918262 0.992802363232777 -0.265715119132712 -0.265686496451685
-0.102204408817635 0.0591179267262637 0.0592883872669472 4.95129039553333 4.95531984819866 0.425520687183419 0.373588611511349 -0.265517286261049 -0.265489310835649
-0.0981963927855711 0.0789645482074694 0.0791507296096813 4.95176247803661 4.95557475213928 -0.190107621096743 -0.246505112532229 -0.265239853502392 -0.265212590188705
-0.094188376753507 0.0988081147619203 0.0990091114004662 4.94976548744037 4.9533432102348 -0.806483877405187 -0.867081684386981 -0.264882816765572 -0.264856326936951
-0.0901803607214429 0.118638725308704 0.118853564109148 4.94529718302107 4.94862408277164 -1.42323016450555 -1.48774419055911 -0.264446211900032 -0.264420553168071
-0.0861723446893787 0.138446472823622 0.138674117824345 4.93835684028196 4.94141781985201 -2.0399678478129 -2.10809628559431 -0.263930114714142 -0.26390534066732
-0.0821643286573146 0.158221450421285 0.15846080761995 4.92894525328241 4.93172645840949 -2.65631784790614 -2.72774254439582 -0.26333464096797 -0.263310800929155
-0.0781563126252505 0.177953757444352 0.178203679906846 4.9170647358735 4.9195536178229 -3.27190091369426 -3.34628880925526 -0.262659946340566 -0.262637085144469
-0.0741482965931863 0.197633505555524 0.197892798764276 4.90271912183796 4.90490449415078 -3.886337896012 -3.96334253103761 -0.261906226371828 -0.261884384163423
-0.0701402805611222 0.217250824827906 0.217518252245383 4.88591376393293 4.88778585301107 -4.49925002141992 -4.57851310398683 -0.261073716379041 -0.26105292843385
-0.0661322645290581 0.236795869829327 0.237070158651531 4.86665553183541 4.86820602113247 -5.11025916598365 -5.19141219364649 -0.260162691348206 -0.260142987915267
-0.0621242484969939 0.256258825696234 0.256538672770162 4.84495280899066 4.84617487660608 -5.71898812880648 -5.8016540574182 -0.259173465800286 -0.25915487196852
-0.0581162324649298 0.275629914192747 0.275913992071015 4.82081548836534 4.82170383786777 -6.32506090509005 -6.40885585731112 -0.258106393632541 -0.258088929221111
-0.0541082164328658 0.294899399750515 0.295186362855703 4.79425496710735 4.7948058514434 -6.92810295849748 -7.01263796446718 -0.256961867935117 -0.256945547408276
-0.0501002004008017 0.314057595484973 0.314346086355753 4.76528414011596 4.76549537849059 -7.52774149259433 -7.61262425507939 -0.255740320783086 -0.255725153189907
-0.0460921843687375 0.333094869183655 0.333383524774339 4.73391739252613 4.73378838017227 -8.12360572114282 -8.20844239735397 -0.254442223004161 -0.254428211943411
-0.0420841683366734 0.352001649262212 0.352289107267124 4.70017059111221 4.69970230189865 -8.71532713702603 -8.79972412920214 -0.25306808392231 -0.253055227532624
-0.0380761523046093 0.370768430683829 0.371053335857735 4.66406107461686 4.66325605647515 -9.30253977957979 -9.38610552638193 -0.251618451077539 -0.251606742052945
-0.0340681362725451 0.389385780837727 0.389666791283564 4.6256076430121 4.62447000619518 -9.88488050011078 -9.96722726084673 -0.250093909922089 -0.250083335552803
-0.030060120240481 0.407844345372507 0.408120138767751 4.58483054570014 4.5833659439175 -10.4619892253817 -10.5427348490933 -0.248495083493366 -0.248485625731667
-0.0260521042084169 0.426134853980076 0.42640413371336 4.54175146866258 4.53996707316846 -11.0335092188447 -11.1122788903384 -0.246822632063874 -0.246814267614767
-0.0220440881763527 0.444248126125998 0.444509627315907 4.49639352056751 4.49429798731025 -11.5990873394081 -11.6755152943904 -0.245077252768503 -0.245069953204743
-0.0180360721442886 0.462175076722066 0.46242757209061 4.44878121784472 4.44638464781668 -12.158374297521 -12.2321054991178 -0.243259679209486 -0.243253411110435
-0.0140280561122245 0.479906721737026 0.480149027310831 4.39894046874028 4.39625436169829 -12.7110249083647 -12.7817166774546 -0.241370681039376 -0.241365406153067
-0.0100200400801603 0.49743418374135 0.497665164354416 4.3468985563624 4.34393575811876 -13.2566983419421 -13.3240219339164 -0.239411063522411 -0.239406738950068
-0.0060120240480962 0.514748697382073 0.514967271954756 4.29268412073162 4.28945876424479 -13.7950583698566 -13.8587004906399 -0.237381667074647 -0.237378245476814
-0.00200400801603207 0.531841614783699 0.532046761353589 4.23632713984877 4.23285458037108 -14.3257736085788 -14.3854378629899 -0.235283366783233 -0.235280796606572
0.00200400801603196 0.548704410871288 0.548895171352721 4.17785890979532 4.17415565436246 -14.8485177589984 -14.903926024815 -0.233117071905236 -0.233115297628945
0.00601202404809609 0.565328688611879 0.56550417326201 4.11731202388141 4.11339565545405 -15.3629698420651 -15.4138635634649 -0.230883725346429 -0.230882687747154
0.0100200400801602 0.581706184170442 0.581865575741124 4.05472035085753 4.05060944745054 -15.8688144303229 -15.9149558247159 -0.228584303120459 -0.228583939554479
0.0140280561122244 0.597828771976667 0.59797132953274 3.99011901220682 3.98583306136439 -16.3657418751484 -16.4069150477803 -0.226219813788823 -0.226220058490211
0.0180360721442885 0.613688469698916 0.613813532085021 3.92354435853545 3.91910366753258 -16.8534485295055 -16.8894604906078 -0.223791297882094 -0.223792082275483
0.0220440881763526 0.629277443121778 0.629384432061359 3.85503394507956 3.85045954725014 -17.3316369660335 -17.3623185457122 -0.221299827302855 -0.221301080329355
0.0260521042084167 0.644588010923716 0.644676433735512 3.78462650634769 3.77994006395799 -17.8000161902905 -17.8252228467874 -0.218746504710771 -0.218748153165553
0.0300601202404809 0.659612649351372 0.659682101270433 3.71236192991855 3.70758563402151 -18.2583018489764 -18.2779143663976 -0.21613246289029 -0.216134431770258
0.034068136272545 0.674343996787211 0.674394162879219 3.6382812294146 3.63343769713487 -18.7062164329666 -18.7201415050531 -0.213458864101428 -0.213461076961386
0.0380761523046091 0.688774858207208 0.688805514866746 3.56242651667249 3.55753868638509 -19.1434894749891 -19.1516601720037 -0.210726899414111 -0.210729278729762
0.0420841683366733 0.702898209525433 0.702909225550688 3.48484097313226 3.47993199800829 -19.5698577417864 -19.5722338581007 -0.207937788026564 -0.207940255562674
0.0460921843687374 0.716707201822432 0.716698539060766 3.40556882046763 3.4006619608692 -19.9850654206037 -19.9816337010956 -0.205092776568223 -0.205095253750225
0.0501002004008015 0.730195165454407 0.730166879015149 3.32465529048051 3.31977380569343 -20.3888642998545 -20.3796385437614 -0.202193138387676 -0.202195546674994
0.0541082164328657 0.743355614040304 0.743307852073101 3.24214659428326 3.23731363408055 -20.7810139438163 -20.7660349852329 -0.199240172826101 -0.199242434085457
0.0581162324649298 0.75618224832399 0.756115251363037 3.15808989079302 3.15332838732429 -21.1612818612171 -21.1406174259744 -0.196235204476729 -0.196237241353688
0.0621242484969939 0.768668959908825 0.768583059785255 3.07253325456274 3.06786581506459 -21.5294436675763 -21.5031881067922 -0.193179582430806 -0.193181318717825
0.0661322645290581 0.780809834862003 0.780705453188736 2.98552564297437 2.98097444379452 -21.8852832411712 -21.8535571423168 -0.190074679510584 -0.190076040509841
0.0701402805611222 0.792599157186176 0.792476803421463 2.89711686281983 2.89270354524332 -22.2285928725054 -22.1915425493804 -0.186921891489817 -0.18692280436912
0.0741482965931863 0.80403141215595 0.803891681253799 2.80735753629619 2.80310310465531 -22.5591734071594 -22.5169702707214 -0.183722636302296 -0.183723030442399
0.0781563126252505 0.815101289516953 0.81494485917455 2.71629906644172 2.71222378898236 -22.8768343819133 -22.8296741944438 -0.180478353238918 -0.180478160570609
0.0821643286573146 0.825803686545302 0.825631314059402 2.62399360204004 2.62011691500618 -23.1813941540334 -23.1294961696592 -0.177190502133808 -0.177189657463169
0.0861723446893787 0.836133710965384 0.835946229711465 2.53049400201994 2.52683441740491 -23.472680023623 -23.4162860187311 -0.173860562539994 -0.173859003860309
0.0901803607214429 0.846086683723987 0.845884999273749 2.43585379937886 2.43242881677665 -23.7505283489432 -23.6899015465366 -0.170490032895165 -0.170487701683983
0.094188376753507 0.855658141618921 0.855443227513398 2.34012716465845 2.33695318763128 -24.0147846546163 -23.9502085471499 -0.167080429678012 -0.167077271177947
0.0981963927855711 0.864843839780415 0.864616732977602 2.24336886900081 2.24046112635992 -24.2653037326292 -24.1970808083384 -0.163633286555671 -0.163629250037609
0.102204408817635 0.873639754003632 0.873401550021083 2.14563424681443 2.14300671919018 -24.5019497360619 -24.4304001142531 -0.160150153522785 -0.160145192530222
0.106212424849699 0.882042082930829 0.881793930705141 2.04697915807927 2.04464451013356 -24.7245962654724 -24.6500562466734 -0.156632596032691 -0.156626668606033
0.110220440881764 0.890047250081757 0.88979034656822 1.94745995032029 1.94542946893029 -24.9331264478759 -24.8559469851522 -0.153082194121263 -0.153075263000984
0.114228456913828 0.897651905731032 0.897387490267995 1.84713342027948 1.84541695899511 -25.1274330082614 -25.0479781063873 -0.149500541523908 -0.149492574331596
0.118236472945892 0.904852928631338 0.904582277094996 1.74605677531623 1.74466270536672 -25.3074183335977 -25.2260633831209 -0.145889244786237 -0.145880214182623
0.122244488977956 0.911647427581425 0.911371846357782 1.64428759456628 1.64322276266208 -25.4729945292854 -25.39012458285 -0.142249922368936 -0.142239806188108
0.12625250501002 0.918032742838001 0.917753562639686 1.54188378988967 1.54115348303579 -25.6240834680193 -25.5400914666012 -0.138584203747334 -0.138572985106487
0.130260521042084 0.924006447370726 0.923725016927144 1.43890356663803 1.4385114841439 -25.7606168310314 -25.6759017880015 -0.134893728506193 -0.134881395890328
0.134268537074148 0.929566347959657 0.929284027609636 1.33540538427194 1.33535361711055 -25.8825361416926 -25.7975012928461 -0.131180145430236 -0.131166692751362
0.138276553106212 0.934710486134588 0.934428641351238 1.2314479168589 1.2317369344949 -25.9897927914562 -25.904843719337 -0.127445111590919 -0.12743053822144
0.142284569138277 0.939437138955887 0.939157133833774 1.12709001348273 1.12771865825574 -26.0823480581355 -25.9978907991371 -0.123690291429977 -0.123674602210029
0.146292585170341 0.943744819636519 0.943468010371568 1.02239065859506 1.02335614770983 -26.1601731165111 -26.0766122593522 -0.119917355840236 -0.11990056105891
0.150300601202405 0.947632278005099 0.947360006397747 0.917408932339667 0.918706867480425 -26.2232490412735 -26.1409858255241 -0.116127981244226 -0.116110096594694
0.154308617234469 0.951098500809917 0.950832087822057 0.812203970880355 0.81382835543165 -26.2715668023114 -26.1909972256851 -0.112323848671105 -0.112304895179801
0.158316633266533 0.954142711864014 0.953883451260125 0.706834926763061 0.708778190584454 -26.3051272523631 -26.226640195492 -0.1085066428324 -0.108486646762542
0.162324649298597 0.956764372031513 0.956513524134079 0.601360929342687 0.603613961009853 -26.3239411070554 -26.2479164844257 -0.104678051197086 -0.10465704392694
0.166332665330661 0.958963179055517 0.958721964644441 0.495841045305158 0.498393231695252 -26.3280289173608 -26.25483586301 -0.100839763066531 -0.100817780942914
0.170340681362726 0.960739067228021 0.960508661613152 0.390334239315001 0.393173512379927 -26.3174210345094 -26.2474161309709 -0.0969934686497961 -0.0969705528174825
0.17434869739479 0.962092206902401 0.961873734197628 0.284899334818607 0.288012225356097 -26.2921575674014 -26.2256831262239 -0.0931408581398371 -0.0931170543475969
0.178356713426854 0.963023003849163 0.96281753147568 0.179594975033129 0.182966673232545 -26.252288332568 -26.189670734549 -0.0892836207911013 -0.0892589791752457
0.182364729458918 0.963532098455759 0.963340631901151 0.0744795841507793 0.078094006658375 -26.1978727967389 -26.1394208997764 -0.0854234439990521 -0.0853980188454536
0.186372745490982 0.96362036477139 0.963443842630112 -0.0303886712119755 -0.0265488079947517 -26.1289800120795 -26.0749836342815 -0.0815620123821324 -0.0815358618678028
0.190380761523046 0.963288909397831 0.963128198717434 -0.134951920291066 -0.130905020992665 -26.0456885441659 -25.9964170295528 -0.07770100686669 -0.0776741927820846
0.19438877755511 0.962539070227448 0.962394962183587 -0.239152626148373 -0.234918131640819 -25.9480863927746 -25.9037872665718 -0.0738421037753818 -0.0738146912287087
0.198396793587174 0.961372415029666 0.961245620951478 -0.342933623313537 -0.338531920727158 -25.8362709055675 -25.7971686257152 -0.0699869739195792 -0.0699590310244754
0.202404809619239 0.959790739887285 0.959681887653188 -0.446238155065721 -0.441690483003199 -25.71034868476 -25.676643495864 -0.0661372816962957 -0.0661088792443081
0.206412825651303 0.957796067484133 0.957705698306448 -0.549009910327395 -0.544338259699472 -25.5704354868656 -25.5423023823785 -0.0622946841901572 -0.0622658953095627
0.210420841683367 0.955390645245676 0.955319210860735 -0.651193060142584 -0.646420071070039 -25.416656115617 -25.3942439135791 -0.0584608302809392 -0.0584317300834832
0.214428857715431 0.952576943334299 0.952524803612883 -0.752732293712443 -0.747881148959373 -25.249144308168 -25.2325748453477 -0.0546373597571925 -0.054608024974411
0.218436873747495 0.949357652501087 0.949325073492133 -0.85357285396144 -0.848667169383228 -25.0680426146868 -25.0574100634474 -0.0508259024364801 -0.0507964110473154
0.222444889779559 0.945735681796042 0.945722834214583 -0.953660572607899 -0.948724285113541 -24.8735022714572 -24.8688725831421 -0.0470280772927504 -0.0469985081442127
0.226452905811623 0.941714156138772 0.941721114307056 -1.05294190471315 -1.0479991582557 -24.6656830676097 -24.667093545681 -0.0432454915913675 -0.0432159240140528
0.230460921843687 0.937296413751798 0.937323155000429 -1.1513639626839 -1.14643899280464 -24.4447532056077 -24.4522122112004 -0.0394797400323266 -0.0394502534526118
0.234468937875751 0.932486003458706 0.932532407992548 -1.24887454970326 -1.2439915671646 -24.2108891556221 -24.224375947587 -0.0357324039021703 -0.0357030774529451
0.238476953907816 0.927286681849505 0.927352533080898 -1.34542219256596 -1.34060526661535 -23.9642755039308 -23.9837402148354 -0.0320050502351354 -0.0319759623669398
0.24248496993988 0.921702410315604 0.921787395665299 -1.44095617389425 -1.43622911570589 -23.7051047954842 -23.7304685444312 -0.0282992309840473 -0.0282704590784846
0.246492985971944 0.915737351956954 0.915841064120932 -1.53542656371145 -1.53081281055483 -23.4335773707835 -23.4647325132831 -0.0246164822014834 -0.0245881021887883
0.250501002004008 0.909395868363963 0.909517807042142 -1.62878425035036 -1.62430675103446 -23.1499011972229 -23.1867117117324 -0.0209583232317254 -0.0209304092143389
0.254509018036072 0.902682516276905 0.902822090357516 -1.72098097067504 -1.71666207281405 -22.8542916950508 -22.8965937051658 -0.0173262559140162 -0.0172988797980116
0.258517034068136 0.895602044125601 0.895758574316851 -1.81196933959445 -1.80783067923561 -22.5469715581088 -22.5945739887644 -0.0137217637976362 -0.0136949949338087
0.2625250501002 0.888159388452275 0.888332110350761 -1.90170287884736 -1.89776527299382 -22.228170569514 -22.2808559349303 -0.0101463113693117 -0.0101202162056973
0.266533066132264 0.880359670220526 0.880547737803737 -1.99013604503875 -1.9864193875898 -21.89812541245 -21.9556507329387 -0.00660134329346457 -0.00657598504101883
0.270541082164329 0.87220819101346 0.872410680541657 -2.0772242569083 -2.07374741852665 -21.5570794762391 -21.6191773203794 -0.0030882836658068 -0.00306372197891679
0.274549098196393 0.863710429124105 0.863926343434832 -2.16292392181243 -2.15970465421312 -21.2052826578705 -21.2716623059662 0.000391464719217582 0.000415174045787297
0.278557114228457 0.854872035541291 0.855100308717839 -2.2471924614021 -2.24424730653984 -20.8429911591624 -20.9133398833079 0.00383652108664692 0.00385932640283302
0.282565130260521 0.845698829834248 0.845938332227513 -2.32998833647912 -2.32733254109126 -20.4704672797397 -20.5444517352598 0.00724552738438244 0.00726738145046361
0.286573146292585 0.836196795939262 0.83644633952065 -2.41127107101473 -2.4089185069547 -20.087979206012 -20.1652469284915 0.0106171489712483 0.0106380092026873
0.290581162324649 0.826372077851757 0.826630421873111 -2.49100127531457 -2.48896436608665 -19.6958007963392 -19.7759817979383 0.0139500752892536 0.0139699039794499
0.294589178356713 0.816230975227282 0.816496832162169 -2.56914066831539 -2.56743032219519 -19.2942113625742 -19.3769198208251 0.0172430205195838 0.0172617850393625
0.298597194388778 0.805779938894884 0.806051980634147 -2.64565209899916 -2.64427764909611 -18.883495448177 -18.968331479985 0.0204947242218584 0.0205123971946224
0.302605210420842 0.795025566286449 0.795302430559531 -2.72049956691136 -2.71946871849932 -18.4639426030934 -18.5504941162266 0.0237039519561978 0.0237205114077786
0.306613226452906 0.783974596785621 0.78425489377792 -2.79364824177078 -2.79296702718127 -18.035847155596 -18.1236917695354 0.026869495887656 0.026884925370015
0.31062124248497 0.77263390699997 0.772916226135385 -2.86506448215915 -2.86473722349821 -17.5995079812876 -17.6882150089325 0.0299901753725793 0.0300044640606436
0.314629258517034 0.761010505960101 0.761293422816953 -2.93471585327951 -2.93474513319454 -17.1552282694654 -17.2443607508505 0.0330648375264675 0.0330779802874922
0.318637274549098 0.749111530249487 0.749393613577144 -3.00257114377333 -3.00295778446001 -16.7033152870514 -16.7924320659257 0.0360923577729222 0.0361043552079144
0.322645290581162 0.736944239068787 0.737224057871663 -3.06860038158678 -3.06934343218927 -16.2440801402899 -16.3327379741454 0.0390716403732797 0.0390824988301488
0.326653306613226 0.724516009238501 0.724792139893525 -3.13277484887784 -3.13387158139695 -15.7778375344188 -15.8655932283316 0.0420016189365395 0.0420113504947666
0.330661322645291 0.711834330143808 0.712105363517122 -3.19506709595646 -3.19651300974159 -15.3049055315203 -15.3913180859854 0.0448812569092111 0.0448898793359766
0.334669338677355 0.698906798625479 0.699171347153855 -3.2554509542508 -3.25723978911193 -14.825605306757 -14.9102380695586 0.0477095480447185 0.0477170847225586
0.338677354709419 0.68574111382079 0.685997818523222 -3.31390154829362 -3.31602530622932 -14.3402609032011 -14.4226837152659 0.0504855168520152 0.0504919966782147
0.342685370741483 0.672345071958357 0.672592609343369 -3.37039530672359 -3.37284428222071 -13.8491989854653 -13.9289903105939 0.0532082190230788 0.0532136762811567
0.346693386773547 0.658726561110868 0.658963649945335 -3.424909972297 -3.42767279111715 -13.3527485923411 -13.4294976207099 0.0558767418389712 0.0558812160427357
0.350701402805611 0.64489355590967 0.645118963815377 -3.4774246109065 -3.48048827723403 -12.8512408886551 -12.9245496040191 0.0584902045541661 0.0584937402649727
0.354709418837675 0.630854112225207 0.631066662069956 -3.52791961960393 -3.53126957138988 -12.3450089165489 -12.4144941171631 0.0610477587588668 0.0610504053768268
0.35871743486974 0.616616361817303 0.616814937868103 -3.57637673362563 -3.5799969059223 -11.8343873463912 -11.8996826098011 0.0635485887190513 0.0635504002490897
0.362725450901804 0.60218850695928 0.602372060766092 -3.62277903241887 -3.62665192846061 -11.3197122275282 -11.3804698095554 0.0659919116940059 0.0659929464877721
0.366733466933868 0.587578815039938 0.587746371019458 -3.66711094466935 -3.67121771441689 -10.8013207390794 -10.8572133975529 0.0683769782311242 0.0683772987059142
0.370741482965932 0.572795613147373 0.572946273837584 -3.70935825233037 -3.71367877815844 -10.279550940983 -10.3302736750328 0.0707030724377723 0.0707027447737091
0.374749498997996 0.55784728263865 0.557980233596214 -3.74950809365492 -3.75402108282692 -9.75474152549489 -9.80001322153753 0.0729695122300392 0.072968606046896
0.37875751503006 0.542742253699321 0.542856768013369 -3.78754896523314 -3.79223204877168 -9.22723156934529 -9.2667965452414 0.0751756495582169 0.0751742375733642
0.382765531062124 0.527488999896757 0.527584442294301 -3.82347072303802 -3.8283005605667 -8.69736028675269 -8.73098972601574 0.0773208706088729 0.0773190282779374
0.386773547094188 0.512096032731277 0.512171863251197 -3.85726458248315 -3.86221697258356 -8.16546678349594 -8.19296005186377 0.0794045959834026 0.0794024011253265
0.390781563126253 0.496571896189016 0.496627673403489 -3.88892311749742 -3.89397311309494 -7.63188981224155 -7.65307564939798 0.0814262808529736 0.0814238132612383
0.394789579158317 0.480925161300461 0.480960545064704 -3.91844025862172 -3.92356228688641 -7.09696752932248 -7.11170510906606 0.0833854150897941 0.0833827561316696
0.398797595190381 0.465164420708565 0.465179174421857 -3.94581129013419 -3.95097927635675 -6.56103725316163 -6.5692171058648 0.0852815233746647 0.0852787555804046
0.402805611222445 0.449298283250322 0.449292275613503 -3.97103284621071 -3.97622034109035 -6.02443522453162 -6.02598001631122 0.0871141652807955 0.0871113719247688
0.406813627254509 0.43333536855565 0.43330857481258 -3.99410290612862 -3.99928321588825 -5.4874963688394 -5.48236153246856 0.0888829353338955 0.0888802000096986
0.410821643286573 0.417284301667395 0.417236804320254 -4.01502078852198 -4.02016710724768 -4.95055406062187 -4.93872827384975 0.0905874630485661 0.0905848692402071
0.414829659318637 0.401153707686255 0.401085696676989 -4.03378714469766 -4.03887268828322 -4.41393989043568 -4.39544539804386 0.0922274129410542 0.0922250435923321
0.418837675350701 0.384952206444353 0.384863978797116 -4.05040395102224 -4.05540209208624 -3.87798343432155 -3.85287621093066 0.0938024845184492 0.0938004216026783
0.422845691382766 0.368688407211166 0.368580366133131 -4.06487450039037 -4.06975890352273 -3.34301202602019 -3.31138177736518 0.0953124122444265 0.0953107363366745
0.42685370741483 0.35237090343548 0.352243556876002 -4.07720339278598 -4.08194814947317 -2.80935053211358 -2.77132053322805 0.0967569654816731 0.0967557553356866
0.430861723446894 0.336008267526961 0.335862226197701 -4.08739652494837 -4.09197628752177 -2.27732113026203 -2.23304789974772 0.0981359484111501 0.0981352805431287
0.434869739478958 0.319609045680927 0.319445020542164 -4.095461079156 -4.0998511931059 -1.74724309070398 -1.69691590100813 0.0994491999283736 0.0994491482097501
0.438877755511022 0.303181752749816 0.303000551970811 -4.1014055111413 -4.10558214514055 -1.21943256118145 -1.16327278555921 0.100696593516922 0.100697228778267
0.442885771543086 0.286734867164813 0.286537392568719 -4.10523953715059 -4.10917981013578 -0.694202355450452 -0.632462653048296 0.101878037099397 0.101879426747544
0.44689378757515 0.270276825911028 0.270064068917425 -4.10697412016385 -4.11065622482944 -0.171861745531808 -0.104825086787602 0.102993472866103 0.102995680516522
0.450901803607214 0.253816019559557 0.25358905664028 -4.10662145528949 -4.11002477736053 0.347283742146702 0.419305206833488 0.104042877081704 0.104045962208125
0.454909819639278 0.237360787359723 0.237120775026137 -4.10419495435013 -4.10730018701261 0.862932526569363 0.939598751191877 0.10502625987019 0.105030277473371
0.458917835671343 0.220919412394678 0.220667581737029 -4.09970922967591 -4.10249848255993 1.3747871677707 1.45573164364467 0.105943664978444 0.105948665275945
0.462925851703407 0.204500116803526 0.20423776760539 -4.09318007712215 -4.09563697925282 1.88255455815399 1.96738589024398 0.106795169518791 0.106801197657472
0.466933867735471 0.188111057073038 0.187839551526167 -4.0846244583292 -4.08673425448182 2.38594610935667 2.47424973010386 0.107580883690869 0.107587979483803
0.470941883767535 0.171760319401956 0.171481075449055 -4.07406048224244 -4.07581012216404 2.8846779345335 2.97601794859388 0.108300950483237 0.108309148172555
0.474949899799599 0.155455915140817 0.155170399475876 -4.06150738591102 -4.06288560589782 3.37847102593315 3.47239217856071 0.108955545355113 0.10896487340223
0.478957915831663 0.139205776310152 0.138915497067933 -4.04698551458458 -4.0479829109355 3.86705142764858 3.96308118880933 0.109544875898688 0.109555356803209
0.482965931863727 0.12301775119983 0.122724250367988 -4.03051630112743 -4.03112539502659 4.35015040342667 4.44780115910862 0.110069181482451 0.110080831630954
0.486973947895792 0.106899600052242 0.106604445641269 -4.01212224477016 -4.01233753818697 4.82750459942739 4.92627594102251 0.11052873287601 0.110541562421723
0.490981963927856 0.0908589908319483 0.0905637688396929 -3.99182688921935 -3.9916449114522 5.29885620182792 5.3982373039073 0.11092383185688 0.110937844631174
0.49498997995992 0.0749034950843111 0.0746098012932701 -3.96965480014592 -3.96907414467557 5.76395308917215 5.86342516545765 0.111254810799751 0.111270004256182
0.498997995991984 0.059040583885563 0.0587500155323776 -3.94563154207372 -3.94465289343411 6.22254897937136 6.32158780622894 0.11152203224874 0.111538397440234
0.503006012024048 0.0432776238866743 0.042991771244355 -3.91978365468967 -3.91840980510774 6.67440357126684 6.7724820676107 0.111725888473177 0.111743410062794
0.507014028056112 0.0276218734532897 0.0273423113675994 -3.89213862859765 -3.89037448419893 7.11928268067089 7.215873532776 0.111866801007451 0.111885457312991
0.511022044088176 0.0120804789039242 0.0118087583260679 -3.86272488053826 -3.86057745696194 7.55695837080751 7.65153669018318 0.111945220175487 0.111964983248038
0.51503006012024 -0.00333952915148989 -0.00360188959318856 -3.8315717280972 -3.82905013541236 7.98720907707976 8.07925507926082 0.111961624600414 0.111982460336777
0.519038076152305 -0.0186312393707002 -0.0188827617171185 -3.79870936392497 -3.7958247807889 8.40981972609624 8.49882141796202 0.111916520700005 0.111938388988743
0.523046092184369 -0.0337878631339641 -0.0340271183163427 -3.76416882949118 -3.76093446654081 8.82458184889437 8.9100377119321 0.111810442168475 0.111833297069185
0.527054108216433 -0.0488027378927898 -0.0490283537856521 -3.72798198839678 -3.72441304091488 9.23129368830362 9.31271534509218 0.111643949445235 0.111667739400441
0.531062124248497 -0.0636693304108657 -0.0638799996738768 -3.69018149926781 -3.68629508921689 9.62976030039758 9.70667515150127 0.111417629171195 0.111442297250114
0.535070140280561 -0.07838123989555 -0.0785757275619708 -3.65080078825439 -3.64661589582266 10.019793649989 10.0917474684204 0.111132093633232 0.111157577806473
0.539078156312625 -0.0929322010183853 -0.0931093517884616 -3.60987402115906 -3.60541140601416 10.4012127001273 10.4677721705639 0.110787980197427 0.11081421364153
0.543086172344689 -0.107316086823198 -0.107474832021713 -3.56743607521845 -3.56271818771596 10.7738434955647 10.8345986855854 0.11038595073168 0.110412862162228
0.547094188376753 -0.121526911520446 -0.121666275678751 -3.52352251056252 -3.51857339320703 11.1375192401597 11.1920859909077 0.109926691018331 0.109954205050213
0.551102204408818 -0.135558833166568 -0.135677940190709 -3.47816954137584 -3.47301472088237 11.492080368197 11.5401025920687 0.10941091015739 0.109438947690619
0.555110220440882 -0.14940615622719 -0.149504235115232 -3.43141400678514 -3.42608037713811 11.8373746096027 11.8785264828177 0.10883933996099 0.108867818590365
0.559118236472946 -0.163063334023144 -0.163139724096487 -3.38329334149781 -3.37780903845258 12.1732570490442 12.2072450872574 0.108212734339686 0.108241568786402
0.56312625250501 -0.176524971058343 -0.176579126673702 -3.33384554621577 -3.32823981373474 12.4995901789058 12.526155184387 0.1075318686812 0.107560971244398
0.567134268537074 -0.189785825228667 -0.189817319939456 -3.28310915784927 -3.27741220700955 12.816243946139 12.8351628154651 0.106797539222214 0.106826820248328
0.571142284569138 -0.20284080991111 -0.202849340049197 -3.23112321955521 -3.22536608050837 13.123095792991 13.1341831746633 0.106010562413822 0.10603993078145
0.575150300601202 -0.215684995932517 -0.215670383583741 -3.17792725062448 -3.17214161823013 13.4200306916189 13.4231404835458 0.105171774281224 0.105201137899154
0.579158316633267 -0.228313613417381 -0.228275808766787 -3.12356121624278 -3.1177792900371 13.7069411726053 13.7019678499596 0.104282029778249 0.104311296094162
0.583166332665331 -0.240722053514222 -0.240661136539694 -3.06806549714931 -3.06231981634639 13.9837273473935 13.9706071119754 0.103342202137289 0.103371278654557
0.587174348697395 -0.252905870000194 -0.252822051496028 -3.01148085921775 -3.00580413347574 14.2502969246669 14.2290086675722 0.102353182215204 0.102381977015147
0.591182364729459 -0.264860780763653 -0.264754402678629 -2.95384842298363 -2.94827335969927 14.5065652207026 14.4771312908035 0.101315877835755 0.101344300102639
0.595190380761523 -0.276582669164531 -0.276454204242136 -2.89520963314225 -2.88976876206589 14.7524551637338 14.7149419352327 0.100231213129124 0.100259173675109
0.599198396793587 -0.288067585272433 -0.287917635984128 -2.83560622804102 -2.83033172402957 14.98789729236 14.9424155254646 0.0991001278690271 0.0991275396562793
0.603206412825651 -0.299311746982486 -0.299141043748236 -2.77508020919006 -2.77000371393767 15.2128297480509 15.1595347376452 0.0979235768079717 0.0979503554650652
0.607214428857715 -0.310311541009068 -0.310120939702743 -2.71367381081458 -2.70882625441958 15.4271982617922 15.3662897698332 0.0967025290111381 0.096728593340901
0.61122244488978 -0.321063523757619 -0.320854002498364 -2.65142946947247 -2.64684089271443 15.6309561349283 15.5626781031841 0.0954379671893928 0.095463239665324
0.615230460921844 -0.331564422074849 -0.331337077309041 -2.58838979376014 -2.58408917197282 15.8240642142607 15.7487042549172 0.0941308870319044 0.0941552942803148
0.619238476953908 -0.341811133877747 -0.341567175759715 -2.52459753412962 -2.52061260356344 16.0064908614654 15.9243795240601 0.092782296538823 0.0928057698038654
0.623246492985972 -0.351800728661874 -0.351541475745172 -2.4600955528395 -2.45645264041155 16.178211916898 16.0897217309904 0.0913932153544696 0.0914156909432742
0.627254509018036 -0.361530447889518 -0.361257321144118 -2.39492679406206 -2.39165065139205 16.3392106578575 16.2447549518116 0.0899646741014626 0.0899860938066419
0.6312625250501 -0.370997705258402 -0.370712221432788 -2.32913425416866 -2.32624789679578 16.4894777513879 16.3895092486139 0.0884977137161928 0.0885180252130576
0.635270541082164 -0.380200086851673 -0.37990385120238 -2.26276095221511 -2.26028550488348 16.6290112016967 16.5240203966837 0.0869933847860416 0.087012542001935
0.639278557114229 -0.389135351170048 -0.388830049584726 -2.19584990064844 -2.19380444953728 16.7578162922753 16.648329609729 0.0854527468887191 0.0854707103419942
0.643286573146293 -0.397801429047017 -0.397488819590594 -2.12844407625609 -2.12684552901589 16.8759055228128 16.7624832641911 0.0838768679340793 0.0838936050403456
0.647294589178357 -0.406196423448139 -0.40587832736506 -2.06058639137833 -2.05944934581457 16.9832985409926 16.8665326237119 0.0822668235087571 0.082282308852145
0.651302605210421 -0.414318609155518 -0.413996901364361 -1.99231966540397 -1.99165628762754 17.0800220692718 16.960533564818 0.0806236962239464 0.0806379117912882
0.655310621242485 -0.42216643233863 -0.421843031458653 -1.92368659656958 -1.92350650940557 17.1661098267422 17.0445463048723 0.0789485750666293 0.0789615104425929
0.659318637274549 -0.429738510012767 -0.429415367965026 -1.8547297340815 -1.85503991649764 17.2416024461763 17.1186351333297 0.0772425547545411 0.0772542072759295
0.663326653306613 -0.437033629386417 -0.436712720615098 -1.78549145057982 -1.78629614886149 17.3065473863678 17.1828681473137 0.0755067350951447 0.0755171099627473
0.667334669338677 -0.444050747099005 -0.44373405746144 -1.71601391496291 -1.71731456632361 17.3609988398745 17.2373169925069 0.0737422203488663 0.0737513306954334
0.671342685370741 -0.450788988350463 -0.45047850372698 -1.64633906559082 -1.64813423486547 17.4050176362799 17.2820566103222 0.0719501185968298 0.0719579855099442
0.675350701402806 -0.457247645924181 -0.456945340601464 -1.57650858388514 -1.57879391390896 17.4386711410881 17.3171649922887 0.0701315411133105 0.0701381936121452
0.67935871743487 -0.463426179104983 -0.463134003988899 -1.50656386834261 -1.5093320445703 17.4620331503735 17.3427229425513 0.0682876017431121 0.068293076708269
0.683366733466934 -0.469324212493795 -0.469044083209805 -1.43654600897939 -1.43978673884812 17.4751837813068 17.3588138493454 0.0664194162840554 0.0664237583399266
0.687374749498998 -0.474941534720782 -0.474675319661948 -1.36649576222202 -1.37019576970813 17.4782093586823 17.3655234662632 0.0645281018747533 0.0645313632240663
0.691382765531062 -0.480278097058762 -0.480027605443052 -1.29645352626112 -1.30059656202356 17.4712022975742 17.3629397040824 0.0626147763878306 0.0626170165982974
0.695390781563126 -0.485334011938801 -0.485100981938848 -1.22645931688281 -1.23102618432758 17.4542609822526 17.3511524338812 0.0606805578287349 0.0606818435719627
0.69939879759519 -0.490109551369911 -0.489895638379619 -1.15655274379283 -1.16152134133106 17.4274896414893 17.3302533021066 0.0587265637402703 0.058726968483357
0.703406813627254 -0.494605145264876 -0.494411910368197 -1.08677298744737 -1.09211836715664 17.3909982203906 17.3003355582119 0.056753910612975 0.0567535142634652
0.707414829659319 -0.498821379674239 -0.498650278382206 -1.01715877640438 -1.02285321923733 17.3449022488893 17.261493895418 0.0547637133014512 0.054762601806601
0.711422845691383 -0.5027589949306 -0.502611366253084 -0.947748365208366 -0.953761472826443 17.2893227070379 17.2138243050938 0.0527570844467453 0.0527553493482951
0.715430861723447 -0.506418883705343 -0.506295939624236 -0.878579512821369 -0.884878316062907 17.2243858872393 17.1574239451887 0.0507351339048665 0.0507328718508069
0.719438877755511 -0.509802088980045 -0.509704904390425 -0.809689461611924 -0.816238545535293 17.1502232535575 17.0923910230849 0.0486989681815242 0.0486962803965906
0.723446893787575 -0.5129098019348 -0.51283930512029 -0.741114916913588 -0.747876562285876 17.0669712982505 17.0188246931701 0.046649689873154 0.0466466815900616
0.727454909819639 -0.51574335975578 -0.515700323463625 -0.672892027163781 -0.679826368195345 16.9747713956688 16.9368249693643 0.0445883971142974 0.0445851769679872
0.731462925851703 -0.518304243364369 -0.518289276544836 -0.605056364633256 -0.612121562687856 16.8737696536641 16.846492652765 0.0425161830313935 0.0425128624188269
0.735470941883767 -0.520594075070256 -0.520607615343724 -0.537642906755867 -0.544795339695609 16.7641167626539 16.7479292745057 0.0404341352030359 0.0404308276113215
0.739478957915832 -0.522614616150926 -0.522656923064533 -0.470686018067743 -0.477880484821922 16.6459678424888 16.6412370538501 0.0383433351267422 0.0383401554326411
0.743486973947896 -0.524367764359989 -0.524438913493909 -0.404219432764377 -0.411409372641791 16.5194822872675 16.5265188714764 0.0362448576922836 0.0362419214363785
0.74749498997996 -0.525855551366855 -0.525955429348225 -0.338276237883563 -0.345413964079264 16.3848236082503 16.4038782578333 0.0341397706616171 0.034137193300664
0.751503006012024 -0.527080140130266 -0.52720844061044 -0.272888857121512 -0.2799258038016 16.2421592750161 16.2734193963792 0.0320291341554623 0.0320270302966791
0.755511022044088 -0.528043822208254 -0.528200042856456 -0.208089035288877 -0.214976017571024 16.0916605550116 16.1352471414465 0.0299140001465655 0.029912482767823
0.759519038076152 -0.528749015007078 -0.528932455570671 -0.14390782341284 -0.150595309496119 15.9335023516418 15.9894670504033 0.0277954119596933 0.0277945916197847
0.763527054108216 -0.529198258971765 -0.529408020450226 -0.08037556449082 -0.0868139591263018 15.7678630410492 15.8361854297171 0.0256744037783992 0.02567438782176
0.767535070140281 -0.529394214720858 -0.529629199697195 -0.0175218799007492 -0.02366181833458 15.5949243077291 15.6755093944591 0.0235520001586121 0.0235528919190394
0.771543086172345 -0.529339660128027 -0.529598574297775 0.0446243435277091 0.0388316920642522 15.4148709791292 15.5075469407223 0.0214292155490939 0.0214311135571911
0.775551102204409 -0.529037487353184 -0.529318842287299 0.106034965777229 0.100637586010577 15.2278908593807 15.3324070303639 0.0193070538188229 0.0193100510180383
0.779559118236473 -0.528490699825785 -0.528792816999723 0.166682605238979 0.161727316260185 15.0341745623063 15.1501996874227 0.017186507791362 0.0171906907676347
0.783567134268537 -0.527702409183 -0.528023425300036 0.226540649638267 0.222072778853182 14.833915343852 14.9610361055041 0.015068558786276 0.0150740070164263
0.787575150300601 -0.526675832165435 -0.527013705797868 0.285583266287663 0.281646318034007 14.6273089340873 14.7650287653705 0.0129541761676706 0.0129609612917606
0.791583166332665 -0.525414287473113 -0.525766807040404 0.34378541166615 0.340420731661844 14.4145533689168 14.562291561921 0.0108443168999323 0.010852502022931
0.795591182364729 -0.523921192584411 -0.524285985682576 0.401122840323428 0.398369277147374 14.1958488216472 14.3529399397001 0.0087399251107565 0.00874956413888619
0.799599198396794 -0.522200060540665 -0.522574604632346 0.457572113109084 0.455465677948216 13.9713974345506 14.1370910360246 0.00664193166155705 0.00665306867876732
0.803607214428858 -0.520254496699139 -0.520636131168792 0.513110604726895 0.51168413065171 13.7414031505641 13.9148638307802 0.00455125372536527 0.00456392241539129
0.807615230460922 -0.518088195457078 -0.518474135030579 0.567716510615082 0.566999312669819 13.506071545265 13.6863793018995 0.00246879437232872 0.00248301749181097
0.811623246492986 -0.515704936949521 -0.516092286472338 0.621368853153907 0.621386390566864 13.2656096592582 13.451760585502 0.000395442162935467 0.000411231071053895
0.81563126252505 -0.513108583723586 -0.513494354286356 0.674047487202516 0.674821029036708 13.0202258311118 13.2111331396443 -0.00166792925090273 -0.00165057500085031
0.819639278557114 -0.510303077391903 -0.510684203786982 0.72573310496751 0.727279400541687 12.7701295309735 12.9646249106065 -0.00372046151676486 -0.00370155451847187
0.823647294589178 -0.507292435267866 -0.507665794755037 0.776407240206254 0.77873819562128 12.5155311950013 12.7123665006187 -0.00576131196447682 -0.00574087722713852
0.827655310621243 -0.504080746985367 -0.504443179339581 0.82605227176839 0.82917463387406 12.2566420607357 12.4544913359167 -0.00778965398054446 -0.00776772911956697
0.831663326653307 -0.500672171105653 -0.501020499914293 0.874651426479661 0.878566475612005 11.9936740035439 12.1911358340044 -0.00980467737408675 -0.00978131271892116
0.835671342685371 -0.497070931713938 -0.497401986885821 0.922188781372527 0.926892034181717 11.7268393742588 11.922439568993 -0.0118055887340818 -0.0117808473482566
0.839679358717435 -0.493281315008376 -0.493591956451416 0.968649265268654 0.974130188942592 11.4563508381373 11.6485454338885 -0.0137916117777282 -0.0137655693862986
0.843687374749499 -0.489307665883973 -0.489594808303261 1.01401865971879 1.02026039888743 11.1824212152579 11.3695997986981 -0.0157619876897127 -0.0157347325095438
0.847695390781563 -0.485154384514022 -0.485415023276947 1.05828359930603 1.0652627168865 10.9052633224771 11.0857526632371 -0.017715975452166 -0.0176876079206623
0.851703406813627 -0.480825922931578 -0.481057160941654 1.10143157131893 1.10911780453157 10.6250898170575 10.7971578035304 -0.0196528521650772 -0.0196234845631992
0.855711422845691 -0.4763267816135 -0.476525857129678 1.1434509148015 1.15180694755208 10.3421130420837 10.5039729107185 -0.0215719133569293 -0.0215416693225755
0.859719438877756 -0.471661506069531 -0.471825821403073 1.18433081898728 1.19331207177124 10.0565448737739 10.2063597214023 -0.0234724732853072 -0.0234414872134107
0.86372745490982 -0.466834683438885 -0.466961834455323 1.22406132112551 1.23361575956561 9.76859657079558 9.90448413838626 -0.0253538652272229 -0.0253222815531891
0.867735470941884 -0.461850939096742 -0.461938745446099 1.26263330370748 1.27270126678778 9.47847862568958 9.59851634081328 -0.0272154417588931 -0.0271834141223002
0.871743486973948 -0.456714933273055 -0.456761469267336 1.30003849110184 1.3105525401075 9.18640061850448 9.28863088271704 -0.0290565750246968 -0.0290242653105068
0.875751503006012 -0.451431357686001 -0.451434983739053 1.33626944560781 1.34715423472307 8.89257107273902 8.97500677906141 -0.0308766569950354 -0.0308442342498851
0.879759519038076 -0.446004932192419 -0.445964326733518 1.37131956293583 1.38249173239102 8.59719731368902 8.65782757837866 -0.0326750997128108 -0.0326427389343119
0.88376753507014 -0.440440401457476 -0.440354593226613 1.40518306712542 1.41655115971862 8.30048532929043 8.33728142116712 -0.0344513355282308 -0.0344192163255556
0.887775551102205 -0.434742531645821 -0.434610932275455 1.43785500491045 1.44931940666064 8.00263963354804 8.01356108326149 -0.0362048173216493 -0.0361731224460716
0.891783567134268 -0.428916107136415 -0.428738543921564 1.46933123954238 1.48078414515855 7.70386313263576 7.68686400344408 -0.0379350187141438 -0.0379039324585714
0.895791583166333 -0.422965927263179 -0.422742676019158 1.49960844408225 1.51093384785768 7.40435699375099 7.35739229462464 -0.0396414342655304 -0.0396111407324884
0.899799599198397 -0.41689680308358 -0.416628620988381 1.52868409417281 1.53975780683527 7.10432051680256 7.0253527379791 -0.0413235796595165 -0.0412942608974258
0.903807615230461 -0.410713554177203 -0.410401712493556 1.55655646030201 1.56724615226987 6.80395100900825 6.69095675950163 -0.0429809918756899 -0.0429528258837154
0.907815631262525 -0.40442100547634 -0.40406732204686 1.58322459957001 1.59338987098084 6.50344366247425 6.35442038849321 -0.0446132293480446 -0.044586387950213
0.911823647294589 -0.398023984130539 -0.397630855538061 1.60868834697148 1.61818082476441 6.20299143482605 6.01596419757941 -0.0462198721097459 -0.0461945186994495
0.915831663326653 -0.391527316407057 -0.391097749691308 1.63294830620578 1.64161176845191 5.90278493295625 5.67581322392252 -0.0478005219238399 -0.0477768090802971
0.919839679358717 -0.384935824629063 -0.384473468450218 1.65600584002747 1.66367636761398 5.60301229995153 5.33419687136697 -0.0493548023996174 -0.0493328693782787
0.923847695390781 -0.378254324153416 -0.377763499292848 1.67786306015016 1.68436921583407 5.30385910525769 4.99134879333255 -0.0508823590943481 -0.0508623291936895
0.927855711422846 -0.371487620389792 -0.370973349478422 1.69852281671673 1.70368585147378 5.0055082381378 4.64750675634669 -0.0523828596001087 -0.0523648374076854
0.93186372745491 -0.364640505862844 -0.364108542228012 1.7179886873491 1.72162277385245 4.70813980447522 4.30291248418435 -0.0538559936154326 -0.053840062136513
0.935871743486974 -0.357717757319085 -0.357174612841679 1.73626496579133 1.73817745876314 4.41193102696978 3.95781148266228 -0.0553014730015257 -0.0552876906740505
0.939879759519038 -0.350724132880081 -0.350177104754876 1.75335665015946 1.75334837324791 4.11705614877145 3.61245284521298 -0.0567190318227961 -0.0567074294228465
0.943887775551102 -0.343664369243492 -0.343121565537252 1.76926943081212 1.76713498955559 3.82368634059295 3.2670890394414 -0.0581084263714598 -0.0580990038138454
0.947895791583166 -0.336543178933478 -0.336013542837272 1.78400967785585 1.77953779820645 3.53198961133852 2.92197567494602 -0.0594694351760027 -0.0594621582149946
0.95190380761523 -0.329365247601885 -0.328858580276394 1.79758442829941 1.79055832008931 3.24213072228299 2.57737125276249 -0.0608018589932837 -0.0607966558289241
0.955911823647295 -0.322135231381597 -0.321662213296815 1.81000137287113 1.80019911751827 2.9542711048317 2.2335368968645 -0.0621055207840882 -0.0621022785799275
0.959919839679359 -0.314857754293379 -0.314429964967111 1.82126884251401 1.80846380417826 2.66856878188801 1.89073606823148 -0.0633802656719533 -0.0633788269904307
0.963927855711423 -0.307537405707463 -0.307167341750352 1.83139579457286 1.81535705389051 2.38517829285198 1.54923426206562 -0.0646259608851052 -0.0646261200471812
0.967935871743487 -0.300178737861098 -0.299879829239561 1.84039179868814 1.8208846081318 2.10425062227028 1.20929868881218 -0.0658424956813677 -0.0658439950573739
0.971943887775551 -0.29278626343319 -0.29257288786565 1.84826702241118 1.82505328224398 1.82593313215355 0.871197939706263 -0.0670297812559224 -0.0670323074949425
0.975951903807615 -0.285364453177141 -0.285251948583176 1.85503221655556 1.82787097027332 1.55036949797455 0.535201637635444 -0.0681877506318182 -0.0681909308372488
0.979959919839679 -0.277917733612895 -0.277922408539559 1.86069870029923 1.82934664838241 1.27769964835657 0.201580074171761 -0.0693163585331562 -0.0693197563923961
0.983967935871743 -0.270450484779178 -0.27058962673357 1.86527834605245 1.82949037678118 1.00805970845838 -0.129396166312696 -0.0704155812408917 -0.0704186931174195
0.987975951903808 -0.262967038046825 -0.263258919669127 1.86878356410611 1.82831330012705 0.741581947058808 -0.457456594474928 -0.0714854164312248 -0.0714876674275867
0.991983967935872 -0.255471673994054 -0.255935557010637 1.8712272870755 1.82582764634843 0.478394727340297 -0.782331214749103 -0.0725258829965719 -0.0725266229970578
0.995991983967936 -0.247968620344479 -0.248624757246286 1.87262295415408 1.8220467238499 0.218622461367869 -1.10375093393746 -0.0735370208491379 -0.0735355205511568
1 -0.240462049968584 -0.241331683365827 1.87298449519234 1.816984917062 -0.0376144317432506 -1.42144797852158 -0.0745188907071331 -0.074514337650503
