0 0.0130651935759605
0.00629577686090139 0.0121261232706059
0.0125915537218028 0.0112144330709666
0.0188873305827042 0.0103300746107677
0.0251831074436056 0.00947298542384802
0.0314788843045069 0.00864308893889961
0.0377746611654083 0.00784029448258598
0.0440704380263097 0.00706449729124428
0.0503662148872111 0.00631557853137579
0.0566619917481125 0.00559340532912919
0.0629577686090139 0.00489783080897647
0.0692535454699153 0.00422869414178009
0.0755493223308167 0.00358582060245019
0.0818450991917181 0.00296902163738187
0.0881408760526194 0.00237809494186789
0.0944366529135208 0.00181282454766708
0.100732429774422 0.00127298092091441
0.107028206635324 0.000758321070551168
0.113323983496225 0.000268588667442407
0.119619760357126 -0.000196485825647172
0.125915537218028 -0.000637185013062036
0.132211314078929 -0.00105380441409311
0.138507090939831 -0.00144665229950175
0.144802867800732 -0.00181604951658718
0.151098644661633 -0.00216232930267427
0.157394421522535 -0.0024858370868939
0.163690198383436 -0.00278693028015209
0.169985975244338 -0.00306597805318298
0.176281752105239 -0.00332336110259604
0.18257752896614 -0.00355947140484436
0.188873305827042 -0.00377471195804094
0.195169082687943 -0.00396949651157427
0.201464859548844 -0.00414424928348511
0.207760636409746 -0.00429940466557313
0.214056413270647 -0.00443540691622776
0.220352190131549 -0.00455270984098682
0.22664796699245 -0.00465177646084025
0.232943743853351 -0.0047330786683214
0.239239520714253 -0.00479709687143859
0.245535297575154 -0.00484431962551624
0.251831074436056 -0.00487524325304453
0.258126851296957 -0.00489037145164156
0.264422628157858 -0.00489021489026281
0.27071840501876 -0.00487529079380855
0.277014181879661 -0.00484612251630123
0.283309958740563 -0.00480323910282571
0.289605735601464 -0.00474717484045661
0.295901512462365 -0.00467846879839928
0.302197289323267 -0.00459766435762171
0.308493066184168 -0.00450530873025395
0.314788843045069 -0.00440195246907271
0.321084619905971 -0.00428814896740226
0.327380396766872 -0.00416445394980014
0.333676173627774 -0.00403142495390796
0.339971950488675 -0.003889620803884
0.346267727349576 -0.00373960107585763
0.352563504210478 -0.00358192555586956
0.358859281071379 -0.00341715369079287
0.365155057932281 -0.00324584403275219
0.371450834793182 -0.00306855367758946
0.377746611654083 -0.0028858376979512
0.384042388514985 -0.00269824857159545
0.390338165375886 -0.00250633560554514
0.396633942236788 -0.00231064435674977
0.402929719097689 -0.00211171604992932
0.40922549595859 -0.00191008699330986
0.415521272819492 -0.00170628799298872
0.421817049680393 -0.00150084376668463
0.428112826541294 -0.00129427235765789
0.434408603402196 -0.00108708454961365
0.440704380263097 -0.000879783283416702
0.447000157123999 -0.000672863076478014
0.4532959339849 -0.00046680944569194
0.459591710845801 -0.00026209833482066
0.465887487706703 -5.91955472530326E-05
0.472183264567604 0.000141443814925368
0.478479041428506 0.000339375904591266
0.484774818289407 0.000534168674998892
0.491070595150308 0.000725402415950649
0.49736637201121 0.000912670279729022
0.503662148872111 0.00109557879576372
0.509957925733012 0.00127374837300659
0.516253702593914 0.00144681378897693
0.522549479454815 0.00161442466442951
0.528845256315717 0.00177624592259407
0.535141033176618 0.00193195823193248
0.541436810037519 0.00208125843135398
0.547732586898421 0.00222385993684071
0.554028363759322 0.00235949312841799
0.560324140620224 0.00248790571644064
0.566619917481125 0.0026088630861375
0.572915694342026 0.00272214861940434
0.579211471202928 0.00282756399281459
0.585507248063829 0.00292492945086487
0.591803024924731 0.00301408405346093
0.598098801785632 0.00309488589669582
0.604394578646533 0.00316721230598527
0.610690355507435 0.00323096000064904
0.616986132368336 0.00328604522907094
0.623281909229238 0.00333240387358757
0.629577686090139 0.00336999152430917
0.63587346295104 0.00339878352109946
0.642169239811942 0.00341877496299958
0.648465016672843 0.0034299806844148
0.654760793533745 0.00343243519744219
0.661056570394646 0.00342619259976118
0.667352347255547 0.00341132644757369
0.673648124116449 0.00338792959313028
0.67994390097735 0.0033561139864503
0.686239677838251 0.00331601044089314
0.692535454699153 0.003267768362339
0.698831231560054 0.00321155544175522
0.705127008420956 0.00314755731105909
0.711422785281857 0.00307597716221453
0.717718562142758 0.00299703532960838
0.72401433900366 0.00291096883582809
0.730310115864561 0.00281803090103327
0.736605892725463 0.00271849041622552
0.742901669586364 0.00261263138078482
0.749197446447265 0.00250075230474978
0.755493223308167 0.00238316557639551
0.761789000169068 0.00226019679578282
0.768084777029969 0.00213218407501214
0.774380553890871 0.00199947730604744
0.780676330751772 0.00186243739705094
0.786972107612674 0.00172143547827552
0.793267884473575 0.00157685207867098
0.799563661334476 0.0014290762744319
0.805859438195378 0.0012785048108529
0.812155215056279 0.00112554119891795
0.818450991917181 0.000970594788182066
0.824746768778082 0.000814079817573976
0.831042545638983 0.000656414445866171
0.837338322499885 0.000498019763640722
0.843634099360786 0.000339318788671883
0.849929876221687 0.000180735446751012
0.856225653082589 2.26935400479134E-05
0.86252142994349 -0.000134384294797285
0.868817206804392 -0.00029007763658051
0.875112983665293 -0.000443969335092831
0.881408760526194 -0.000595646569907515
0.887704537387096 -0.000744701909902612
0.894000314247997 -0.0008907343709601
0.900296091108899 -0.00103335046922648
0.9065918679698 -0.00117216526726593
0.912887644830701 -0.00130680341037748
0.919183421691603 -0.00143690015032727
0.925479198552504 -0.00156210235368714
0.931774975413406 -0.00168206949195915
0.938070752274307 -0.00179647461064369
0.944366529135208 -0.00190500527437953
0.95066230599611 -0.00200736448530103
0.956958082857011 -0.00210327157174084
0.963253859717913 -0.00219246304442811
0.969549636578814 -0.00227469341735409
0.975845413439715 -0.00234973599048893
0.982141190300617 -0.00241738359159716
0.988436967161518 -0.00247744927441917
0.99473274402242 -0.00252976697056895
1.00102852088332 -0.00257419209254484
1.00732429774422 -0.00261060208533115
1.01362007460512 -0.00263889692417218
1.01991585146602 -0.002658999556161
1.02621162832693 -0.00267085628343167
1.03250740518783 -0.00267443708583281
1.03880318204873 -0.00266973588109076
1.04509895890963 -0.00265677072062465
1.05139473577053 -0.00263558391928942
1.05769051263143 -0.00260624211751803
1.06398628949233 -0.00256883627445548
1.07028206635324 -0.00252348159089877
1.07657784321414 -0.00247031736099079
1.08287362007504 -0.00240950675184881
1.08916939693594 -0.0023412365104869
1.09546517379684 -0.00226571659759778
1.10176095065774 -0.00218317974798887
1.10805672751864 -0.00209388095767093
1.11435250437955 -0.00199809689784392
1.12064828124045 -0.00189612525624183
1.12694405810135 -0.00178828400654651
1.13323983496225 -0.00167491060682201
1.13953561182315 -0.0015563611281687
1.14583138868405 -0.00143300931503709
1.15212716554495 -0.00130524557890865
1.15842294240586 -0.00117347592729322
1.16471871926676 -0.00103812083024335
1.17101449612766 -0.000899614026852791
1.17731027298856 -0.000758401274446485
1.18360604984946 -0.00061493904341825
1.18990182671036 -0.000469693160932594
1.19619760357126 -0.000323137406926022
1.20249338043217 -0.000175752066110868
1.20878915729307 -2.80224398785389E-05
1.21508493415397 0.000119562677742491
1.22138071101487 0.000266512555730514
1.22767648787577 0.000412336108749245
1.23397226473667 0.000556543502117646
1.24026804159757 0.000698647774118877
1.24656381845848 0.000838166470554902
1.25285959531938 0.000974623286274512
1.25915537218028 0.00110754970826676
1.26545114904118 0.00123648665479015
1.27174692590208 0.00136098610488955
1.27804270276298 0.00148061271256672
1.28433847962388 0.0015949453997951
1.29063425648478 0.00170357892250284
1.29693003334569 0.00180612540364244
1.30322581020659 0.00190221582740913
1.30952158706749 0.00199150148872151
1.31581736392839 0.00207365539207061
1.32211314078929 0.00214837359391806
1.32840891765019 0.00221537648289716
1.33470469451109 0.00227440999215267
1.341000471372 0.00232524673830048
1.3472962482329 0.0023676870816226
1.3535920250938 0.0024015601022771
1.3598878019547 0.00242672448752046
1.3661835788156 0.00244306932512883
1.3724793556765 0.00245051479848224
1.3787751325374 0.00244901277900267
1.38507090939831 0.00243854731197224
1.39136668625921 0.00241913499203072
1.39766246312011 0.00239082522501688
1.40395823998101 0.00235370037315619
1.41025401684191 0.00230787578098768
1.41654979370281 0.00225349967981481
1.42284557056371 0.00219075296888549
1.42914134742462 0.00211984887193617
1.43543712428552 0.00204103246819032
1.44173290114642 0.00195458009736871
1.44802867800732 0.00186079863874289
1.45432445486822 0.00176002466475744
1.46062023172912 0.00165262347024975
1.46691600859002 0.00153898797880192
1.47321178545093 0.00141953752828483
1.47950756231183 0.00129471653815816
1.48580333917273 0.00116499306163631
1.49209911603363 0.00103085722633189
1.49839489289453 0.000892819567527847
1.50469066975543 0.000751409258736402
1.51098644661633 0.00060717224471607
1.51728222347723 0.000460669282629556
1.52357800033814 0.00031247389749911
1.52987377719904 0.00016317025861412
1.53616955405994 1.33509839898016E-05
1.54246533092084 -0.000136385119567373
1.54876110778174 -0.000285435372817444
1.55505688464264 -0.00043319558850019
1.56135266150354 -0.000579062475046355
1.56764843836445 -0.000722436070514032
1.57394421522535 -0.000862722197322752
1.58023999208625 -0.000999334928117213
1.58653576894715 -0.00113169905280108
1.59283154580805 -0.00125925253661152
1.59912732266895 -0.00138144895889336
1.60542309952985 -0.00149775992212298
1.61171887639076 -0.00160767742064249
1.61801465325166 -0.00171071615848439
1.62431043011256 -0.00180641580571117
1.63060620697346 -0.0018943431827052
1.63690198383436 -0.00197409436192542
1.64319776069526 -0.00204529667683118
1.64949353755616 -0.00210761062780851
1.65578931441707 -0.00216073167519149
1.66208509127797 -0.00220439190976751
1.66838086813887 -0.00223836159146418
1.67467664499977 -0.002262450547315
1.68097242186067 -0.00227650942022339
1.68726819872157 -0.00228043076053375
1.69356397558247 -0.00227414995292285
1.69985975244337 -0.00225764597172373
1.70615552930428 -0.00223094195838625
1.71245130616518 -0.00219410561544531
1.71874708302608 -0.00214724941206923
1.72504285988698 -0.00209053059698971
1.73133863674788 -0.0020241510153961
1.73763441360878 -0.00194835672717297
1.74393019046968 -0.00186343742470152
1.75022596733059 -0.00176972564931832
1.75652174419149 -0.00166759580638198
1.76281752105239 -0.00155746297985571
1.76911329791329 -0.00143978154818281
1.77540907477419 -0.00131504360422174
1.78170485163509 -0.00118377718290275
1.78800062849599 -0.00104654430127438
1.7942964053569 -0.000903938816510186
1.8005921822178 -0.000756584108418723
1.8068879590787 -0.00060513059393652
1.8131837359396 -0.000450253082002083
1.8194795128005 -0.000292647978114013
1.8257752896614 -0.000133030348765106
1.8320710665223 2.78691431929712E-05
1.83836684338321 0.000189307420410345
1.84466262024411 0.00035053227743409
1.85095839710501 0.00051078575827801
1.85725417396591 0.000669307611042447
1.86354995082681 0.000825338804853137
1.86984572768771 0.000978125093785032
1.87614150454861 0.00112692061190212
1.88243728140952 0.00127099148308307
1.88873305827042 0.00140961942888507
1.89502883513132 0.00154210535739596
1.90132461199222 0.00166777291574183
1.90762038885312 0.00178597198874408
1.91391616571402 0.0018960821261419
1.92021194257492 0.00199751588073738
1.92650771943583 0.00208972203993973
1.93280349629673 0.00217218873328695
1.93909927315763 0.0022444463988045
1.94539505001853 0.00230607059137078
1.95169082687943 0.0023566846166766
1.95798660374033 0.00239596197487635
1.96428238060123 0.00242362859863865
1.97057815746213 0.00243946487095092
1.97687393432304 0.00244330740885013
1.98316971118394 0.0024350506000631
1.98946548804484 0.00241464788051449
1.99576126490574 0.0023821127416439
2.00205704176664 0.00233751945760552
2.00835281862754 0.00228100352355609
2.01464859548844 0.00221276179750607
2.02094437234935 0.00213305233948746
2.02724014921025 0.00204219394317784
2.03353592607115 0.00194056535651865
2.03983170293205 0.00182860418934816
2.04612747979295 0.00170680550757074
2.05242325665385 0.00157572011494933
2.05871903351475 0.00143595252515083
2.06501481037566 0.00128815862832976
2.07131058723656 0.00113304305809081
2.07760636409746 0.000971356266351031
2.08390214095836 0.000803891315208527
2.09019791781926 0.000631480396561912
2.09649369468016 0.000454991091824897
2.10278947154106 0.000275322385644095
2.10908524840197 9.34004490974472E-05
2.11538102526287 -8.98257906779554E-05
2.12167680212377 -0.000273389275999847
2.12797257898467 -0.000456309619476292
2.13426835584557 -0.000637598059030187
2.14056413270647 -0.000816262544711233
2.14685990956737 -0.000991312933711241
2.15315568642828 -0.00116176626894193
2.15945146328918 -0.00132665211554273
2.16574724015008 -0.00148501792878164
2.17204301701098 -0.00163593442609244
2.17833879387188 -0.00177850093529586
2.18463457073278 -0.00191185069057687
2.19093034759368 -0.0020351560473495
2.19722612445458 -0.00214763358693704
2.20352190131549 -0.00224854908182814
2.20981767817639 -0.00233722229234945
2.21611345503729 -0.00241303156573158
2.22240923189819 -0.00247541820890407
2.22870500875909 -0.00252389060683111
2.23500078561999 -0.00255802805881566
2.24129656248089 -0.00257748430604665
2.2475923393418 -0.00258199072454945
2.2538881162027 -0.00257135915887374
2.2601838930636 -0.00254548437305113
2.2664796699245 -0.00250434609682593
2.2727754467854 -0.00244801064668765
2.2790712236463 -0.00237663210295469
2.2853670005072 -0.00229045302603315
2.29166277736811 -0.00218980469691321
2.29795855422901 -0.00207510686914647
2.30425433108991 -0.00194686702174129
2.31055010795081 -0.0018056791047989
2.31684588481171 -0.00165222177217716
2.32314166167261 -0.00148725609803291
2.32943743853351 -0.00131162277676
2.33573321539442 -0.00112623880857099
2.34202899225532 -0.000932093675784063
2.34832476911622 -0.000730245017739994
2.35462054597712 -0.000521813815189898
2.36091632283802 -0.000307979097919353
2.36721209969892 -8.99721923689478E-05
2.37350787655982 0.000130929471042429
2.37980365342072 0.000353408968215341
2.38609943028163 0.00057611688368453
2.39239520714253 0.000797678676405678
2.39869098400343 0.00101670237768325
2.40498676086433 0.00123178658705569
2.41128253772523 0.00144152872930781
2.41757831458613 0.00164453353314997
2.42387409144703 0.00183942168962992
2.43016986830794 0.0020248386459778
2.43646564516884 0.00219946348838573
2.44276142202974 0.00236201786515822
2.44905719889064 0.00251127489981484
2.45535297575154 0.00264606804204814
2.46164875261244 0.00276529980294848
2.46794452947334 0.00286795031968412
2.47424030633425 0.00295308569381059
2.48053608319515 0.0030198660466112
2.48683186005605 0.00306755323439412
2.49312763691695 0.0030955181664567
2.49942341377785 0.00310324766848658
2.50571919063875 0.00309035083457621
2.51201496749965 0.00305656481170224
2.51831074436056 0.00300175996154439
2.52460652122146 0.00292594434587734
2.53090229808236 0.00282926748345691
2.53719807494326 0.00271202332837484
2.54349385180416 0.0025746524222513
2.54978962866506 0.00241774317540888
2.55608540552596 0.00224203223529129
2.56238118238687 0.0020484039039036
2.56867695924777 0.00183788856991651
2.57497273610867 0.00161166012532143
2.58126851296957 0.00137103234112745
2.58756428983047 0.00111745418160258
2.59386006669137 0.000852504041857327
2.60015584355227 0.000577882899311266
2.60645162041317 0.000295406375604101
2.61274739727408 6.99571190909687E-06
2.61904317413498 -0.000285332332685351
2.62533895099588 -0.000579476643049193
2.63163472785678 -0.000873263946111591
2.63793050471768 -0.00116446201361936
2.64422628157858 -0.00145079383008506
2.65052205843948 -0.00172995267840009
2.65681783530039 -0.00199961808730392
2.66311361216129 -0.00225747257641601
2.66940938902219 -0.00250121912593976
2.67570516588309 -0.00272859928942637
2.68200094274399 -0.00293741185916108
2.68829671960489 -0.00312553198492399
2.69459249646579 -0.00329093063802777
2.7008882733267 -0.00343169430374918
2.7071840501876 -0.00354604477659098
2.7134798270485 -0.00363235892427005
2.7197756039094 -0.00368918827798492
2.7260713807703 -0.00371527829844642
2.7323671576312 -0.00370958715936925
2.7386629344921 -0.00367130388276099
2.74495871135301 -0.00359986565337306
2.75125448821391 -0.00349497413325517
2.75755026507481 -0.00335661059146447
2.76384604193571 -0.00318504965878885
2.77014181879661 -0.0029808715127968
2.77643759565751 -0.00274497229484394
2.78273337251841 -0.00247857255776646
2.78902914937932 -0.00218322354110873
2.79532492624022 -0.00186081106978431
2.80162070310112 -0.00151355687226506
2.80791647996202 -0.00114401711571288
2.81421225682292 -0.000755077958033368
2.82050803368382 -0.000349947920704863
2.82680381054472 6.78531085376299E-05
2.83309958740562 0.000494508427398344
2.83939536426653 0.000925922801149226
2.84569114112743 0.00135774464152139
2.85198691798833 0.00178539223731372
2.85828269484923 0.00220408417869711
2.86457847171013 0.00260887410242677
2.87087424857103 0.0029946898687811
2.87717002543193 0.00335637726277427
2.88346580229284 0.00368874829223736
2.88976157915374 0.0039866341335415
2.89605735601464 0.00424494275218432
2.90235313287554 0.00445872120011123
2.90864890973644 0.00462322256453185
2.91494468659734 0.00473397751421159
2.92124046345824 0.00478687035874523
2.92753624031915 0.00477821950426288
2.93383201718005 0.00470486215547372
2.94012779404095 0.00456424307896069
2.94642357090185 0.00435450720637809
2.95271934776275 0.00407459581874822
2.95901512462365 0.00372434601459801
2.96531090148455 0.0033045931253084
2.97160667834546 0.00281727570107387
2.97790245520636 0.00226554265033407
2.98419823206726 0.00165386207476295
2.99049400892816 0.00098813130112288
2.99678978578906 0.000275787570613861
3.00308556264996 -0.000474081193729242
3.00938133951086 -0.00125062616047533
3.01567711637177 -0.00204112856128233
3.02197289323267 -0.00283089255469252
3.02826867009357 -0.0036031407117763
3.03456444695447 -0.0043389128865963
3.04086022381537 -0.00501696926543499
3.04715600067627 -0.00561369841711087
3.05345177753717 -0.00610303119203486
3.05974755439808 -0.00645636133961695
3.06604333125898 -0.00664247373186992
3.07233910811988 -0.00662748109522032
3.07863488498078 -0.00637477016224408
3.08493066184168 -0.00584495816005389
3.09122643870258 -0.00499586055188507
3.09752221556348 -0.00378247094295771
3.10381799242439 -0.00215695405037768
3.11011376928529 -6.86526196707754E-05
3.11640954614619 0.00253589085298406
3.12270532300709 0.00571289676369794
3.12900109986799 0.00952129461649774
3.13529687672889 0.0140226520626699
3.14159265358979 0.0192810860652937
