0 0.000991405866550867 0.998183552684081
0.00629577686090139 0.00727557857975454 0.998123924841923
0.0125915537218028 0.0135592587999028 0.998027088079357
0.0188873305827042 0.0198422120419302 0.997892972883977
0.0251831074436056 0.0261242034262599 0.997721523441625
0.0314788843045069 0.0324049977650277 0.997512697630618
0.0377746611654083 0.0386843596482619 0.997266467013348
0.0440704380263097 0.0449620535299997 0.99698281682512
0.0503662148872111 0.0512378438143312 0.996661745960193
0.0566619917481125 0.0575114949413365 0.996303266954918
0.0629577686090139 0.0637827714729127 0.995907405967912
0.0692535454699153 0.07005143817847 0.99547420275716
0.0755493223308167 0.0763172601204681 0.995003710653997
0.0818450991917181 0.0825800027397805 0.994495996533855
0.0881408760526194 0.0888394319408611 0.993951140783713
0.0944366529135208 0.0950953141767065 0.993369237266158
0.100732429774422 0.101347416533565 0.99275039327998
0.107028206635324 0.107595506815399 0.992094729517214
0.113323983496225 0.113839353628062 0.991402380016556
0.119619760357126 0.120078726463164 0.990673492113059
0.125915537218028 0.126313395781623 0.989908226384049
0.132211314078929 0.132543133096846 0.989106756591175
0.138507090939831 0.13876771105755 0.988269269618509
0.144802867800732 0.144986903530165 0.987395965406645
0.151098644661633 0.151200485680821 0.986487056882702
0.157394421522535 0.157408234056879 0.985542769886184
0.163690198383436 0.163609926667973 0.984563343090619
0.169985975244338 0.169805343066563 0.983549027920915
0.176281752105239 0.17599426442793 0.982500088466386
0.18257752896614 0.182176473629635 0.981416801389379
0.188873305827042 0.188351755330369 0.980299455829454
0.195169082687943 0.194519896048197 0.979148353303082
0.201464859548844 0.200680684238153 0.977963807598794
0.207760636409746 0.206833910369157 0.976746144667769
0.214056413270647 0.212979367000234 0.975495702509803
0.220352190131549 0.219116848855998 0.974212831054653
0.22664796699245 0.225246152901376 0.972897892038705
0.232943743853351 0.231367078415535 0.971551258876982
0.239239520714253 0.237479427064999 0.970173316530437
0.245535297575154 0.243583002975903 0.968764461368567
0.251831074436056 0.249677612805381 0.967325101027309
0.258126851296957 0.255763065812032 0.965855654262251
0.264422628157858 0.261839173925453 0.964356550797152
0.27071840501876 0.267905751814805 0.962828231167786
0.277014181879661 0.273962616956378 0.961271146561154
0.283309958740563 0.280009589700131 0.959685758650064
0.289605735601464 0.286046493335175 0.958072539423149
0.295901512462365 0.292073154154174 0.956431971010335
0.302197289323267 0.298089401516628 0.95476454550383
0.308493066184168 0.30409506791102 0.953070764774684
0.314788843045069 0.310089989015794 0.951351140284985
0.321084619905971 0.316074003759131 0.949606192895768
0.327380396766872 0.322046954377513 0.947836452670699
0.333676173627774 0.328008686473028 0.946042458675644
0.339971950488675 0.333959049069401 0.944224758774193
0.346267727349576 0.339897894666739 0.942383909419254
0.352563504210478 0.345825079294929 0.940520475440818
0.358859281071379 0.351740462565709 0.938635029830006
0.365155057932281 0.357643907723358 0.936728153519529
0.371450834793182 0.363535281693989 0.934800435160676
0.377746611654083 0.369414455133441 0.932852470896973
0.384042388514985 0.375281302473718 0.930884864134655
0.390338165375886 0.381135701967991 0.928898225310096
0.396633942236788 0.386977535734115 0.926893171654343
0.402929719097689 0.392806689796661 0.924870326954941
0.40922549595859 0.398623054127428 0.922830321315179
0.415521272819492 0.404426522684458 0.920773790910962
0.421817049680393 0.410216993449481 0.918701377745468
0.428112826541294 0.415994368463833 0.91661372940179
0.434408603402196 0.421758553862802 0.914511498793725
0.440704380263097 0.427509459908396 0.91239534391494
0.447000157123999 0.433247001020534 0.910265927586691
0.4532959339849 0.438971095806644 0.908123917204293
0.459591710845801 0.444681667089653 0.905969984482581
0.465887487706703 0.450378641934385 0.90380480520053
0.472183264567604 0.456061951672342 0.901629058945291
0.478479041428506 0.461731531924865 0.899443428855827
0.484774818289407 0.467387322624698 0.897248601366397
0.491070595150308 0.473029268035918 0.895045265950095
0.49736637201121 0.478657316772269 0.892834114862683
0.503662148872111 0.48427142181387 0.890615842886927
0.509957925733012 0.48987154052232 0.88839114707769
0.516253702593914 0.49545763465421 0.886160726508004
0.522549479454815 0.501029670373028 0.883925282016325
0.528845256315717 0.506587618259479 0.88168551595526
0.535141033176618 0.512131453320236 0.879442131941937
0.541436810037519 0.51766115499512 0.877195834610282
0.547732586898421 0.523176707162726 0.87494732936544
0.554028363759322 0.52867809814451 0.872697322140533
0.560324140620224 0.534165320707354 0.870446519156016
0.566619917481125 0.539638372064629 0.868195626681837
0.572915694342026 0.545097253875764 0.865945350802626
0.579211471202928 0.550541972244341 0.863696397186135
0.585507248063829 0.555972537714766 0.86144947085513
0.591803024924731 0.561388965267485 0.859205275962972
0.598098801785632 0.566791274312823 0.856964515573053
0.604394578646533 0.57217948868343 0.854727891442331
0.610690355507435 0.577553636625398 0.852496103809124
0.616986132368336 0.582913750788033 0.850269851185374
0.623281909229238 0.588259868212347 0.848049830153553
0.629577686090139 0.593592030318288 0.845836735168398
0.63587346295104 0.598910282890726 0.84363125836363
0.642169239811942 0.604214676064249 0.841434089363834
0.648465016672843 0.609505264306794 0.839245915101645
0.654760793533745 0.614782106402125 0.837067419640392
0.661056570394646 0.620045265431236 0.834899284002334
0.667352347255547 0.625294808752674 0.832742186002617
0.673648124116449 0.63053080798184 0.830596800089081
0.67994390097735 0.635753338969304 0.828463797188006
0.686239677838251 0.640962481778161 0.826343844555928
0.692535454699153 0.646158320660481 0.824237605637592
0.698831231560054 0.651340944032872 0.822145739930129
0.705127008420956 0.656510444451225 0.820068902853535
0.711422785281857 0.661666918584647 0.818007745627498
0.717718562142758 0.666810467188653 0.815962915154643
0.72401433900366 0.671941195077625 0.813935053910204
0.730310115864561 0.677059211096621 0.811924799838175
0.736605892725463 0.682164628092529 0.809932786253945
0.742901669586364 0.687257562884637 0.807959641753425
0.749197446447265 0.692338136234656 0.806005990128649
0.755493223308167 0.697406472816222 0.80407245028985
0.761789000169068 0.702462701183937 0.802159636193965
0.768084777029969 0.707506953741974 0.800268156779535
0.774380553890871 0.712539366712291 0.798398615907948
0.780676330751772 0.717560080102504 0.796551612310958
0.786972107612674 0.722569237673441 0.794727739544411
0.793267884473575 0.72756698690642 0.792927585948083
0.799563661334476 0.732553478970308 0.791151734611544
0.805859438195378 0.737528868688374 0.789400763345939
0.812155215056279 0.742493314504974 0.787675244661557
0.818450991917181 0.747446978452133 0.785975745751084
0.824746768778082 0.752390026116026 0.784302828478368
0.831042545638983 0.757322626603402 0.782657049372591
0.837338322499885 0.762244952508 0.781038959627652
0.843634099360786 0.76715717987697 0.779449105106625
0.849929876221687 0.772059488177333 0.777888026351098
0.856225653082589 0.776952060262525 0.776356258595229
0.86252142994349 0.781835082339038 0.774854331784314
0.868817206804392 0.78670874393319 0.773382770597674
0.875112983665293 0.791573237858058 0.771942094475675
0.881408760526194 0.796428760180586 0.770532817650634
0.887704537387096 0.801275510188907 0.769155449181439
0.894000314247997 0.806113690359888 0.767810492991628
0.900296091108899 0.810943506326927 0.766498447910722
0.9065918679698 0.815765166848025 0.76521980771857
0.912887644830701 0.820578883774136 0.76397506119249
0.919183421691603 0.825384872017828 0.762764692156941
0.925479198552504 0.830183349522265 0.761589179535529
0.931774975413406 0.834974537230524 0.760448997405068
0.938070752274307 0.839758659055248 0.759344615051483
0.944366529135208 0.844535941848675 0.7582764970273
0.95066230599611 0.84930661537301 0.75724510321049
0.956958082857011 0.854070912271191 0.75625088886443
0.963253859717913 0.858829068038027 0.755294304698728
0.969549636578814 0.863581320991722 0.754375796930707
0.975845413439715 0.868327912245779 0.753495807347277
0.982141190300617 0.873069085681318 0.752654773367008
0.988436967161518 0.877805087919753 0.751853128102153
0.99473274402242 0.882536168295887 0.751091300420408
1.00102852088332 0.887262578831375 0.750369715006212
1.00732429774422 0.891984574208584 0.749688792421357
1.01362007460512 0.896702411744824 0.749048949164726
1.01991585146602 0.901416351366948 0.748450597730974
1.02621162832693 0.906126655586336 0.747894146667944
1.03250740518783 0.910833589474213 0.747380000632673
1.03880318204873 0.915537420637331 0.746908560445805
1.04509895890963 0.920238419193984 0.746480223144269
1.05139473577053 0.924936857750341 0.74609538203207
1.05769051263143 0.929633011377105 0.74575442672907
1.06398628949233 0.934327157586464 0.745457743217632
1.07028206635324 0.939019576309332 0.745205713887026
1.07657784321414 0.943710549872859 0.74499871757549
1.08287362007504 0.948400362978205 0.744837129609883
1.08916939693594 0.953089302678548 0.744721321842845
1.09546517379684 0.95777765835732 0.744651662687414
1.10176095065774 0.96246572170666 0.744628517149059
1.10805672751864 0.967153786706051 0.744652246855111
1.11435250437955 0.971842149601132 0.744723210081565
1.12064828124045 0.976531108882691 0.744841761777263
1.12694405810135 0.981220965265773 0.745008253585485
1.13323983496225 0.985912021668937 0.74522303386296
1.13953561182315 0.990604583193617 0.745486447696371
1.14583138868405 0.995298957103578 0.745798836916383
1.15212716554495 0.999995452804456 0.746160540109313
1.15842294240586 1.00469438182337 0.746571892626496
1.16471871926676 1.00939605778856 0.747033226591482
1.17101449612766 1.0141007964091 0.747544870905173
1.17731027298856 1.01880891545462 0.748107151249033
1.18360604984946 1.02352073473505 0.748720390086542
1.18990182671036 1.0282365760803 0.749384906663036
1.19619760357126 1.0329567633201 0.750101017004119
1.20249338043217 1.03768162226364 0.750869033912847
1.20878915729307 1.04241148067928 0.751689266965876
1.21508493415397 1.04714666827426 0.752562022508794
1.22138071101487 1.05188751667431 0.75348760365087
1.22767648787577 1.05663435940326 0.754466310259448
1.23397226473667 1.06138753186264 0.755498438954244
1.24026804159757 1.06614737131115 0.7565842831018
1.24656381845848 1.07091421684427 0.757724132810365
1.25285959531938 1.0756884093736 0.758918274925473
1.25915537218028 1.08047029160642 0.760166993026509
1.26545114904118 1.08526020802506 0.761470567424543
1.27174692590208 1.09005850486635 0.762829275161734
1.27804270276298 1.094865530101 0.764243390012602
1.28433847962388 1.09968163341308 0.765713182487468
1.29063425648478 1.10450716617949 0.767238919838364
1.29693003334569 1.10934248144943 0.768820866067736
1.30322581020659 1.11418793392401 0.77045928194023
1.30952158706749 1.1190438799359 0.772154424997875
1.31581736392839 1.12391067742911 0.773906549578973
1.32211314078929 1.12878868593886 0.775715906840995
1.32840891765019 1.13367826657169 0.777582744787778
1.33470469451109 1.13857978198565 0.77950730830133
1.341000471372 1.14349359637078 0.781489839178509
1.3472962482329 1.14842007542983 0.783530576172894
1.3535920250938 1.15335958635921 0.785629755042071
1.3598878019547 1.15831249783034 0.787787608600638
1.3661835788156 1.16327917997125 0.790004366779162
1.3724793556765 1.16826000434868 0.792280256689335
1.3787751325374 1.17325534395051 0.794615502695543
1.38507090939831 1.17826557316873 0.79701032649308
1.39136668625921 1.18329106778288 0.799464947193188
1.39766246312011 1.18833220494409 0.801979581415113
1.40395823998101 1.1933893631597 0.804554443385337
1.41025401684191 1.19846292227851 0.807189745044128
1.41654979370281 1.20355326347674 0.809885696159537
1.42284557056371 1.20866076924475 0.812642504448949
1.42914134742462 1.21378582337453 0.815460375708264
1.43543712428552 1.21892881094801 0.81833951394877
1.44173290114642 1.2240901183263 0.821280121541753
1.44802867800732 1.22927013313983 0.824282399370853
1.45432445486822 1.23446924427947 0.82734654699214
1.46062023172912 1.23968784188872 0.830472762801906
1.46691600859002 1.24492631735695 0.833661244212084
1.47321178545093 1.25018506331376 0.836912187833201
1.47950756231183 1.25546447362455 0.840225789664776
1.48580333917273 1.26076494338727 0.843602245292997
1.49209911603363 1.2660868689305 0.847041750095505
1.49839489289453 1.27143064781273 0.850544499453098
1.50469066975543 1.27679667882314 0.85411068896812
1.51098644661633 1.28218536198364 0.857740514689278
1.51728222347723 1.28759709855245 0.861434173342608
1.52357800033814 1.29303229102907 0.865191862568259
1.52987377719904 1.2984913431608 0.869013781162797
1.53616955405994 1.30397465995085 0.872900129326602
1.54246533092084 1.30948264766787 0.876851108916019
1.54876110778174 1.31501571385727 0.880866923699799
1.55505688464264 1.32057426735405 0.884947779619405
1.56135266150354 1.32615871829728 0.889093885052705
1.56764843836445 1.33176947814631 0.893305451080544
1.57394421522535 1.33740695969862 0.897582691755688
1.58023999208625 1.34307157710938 0.901925824373583
1.58653576894715 1.34876374591275 0.906335069744359
1.59283154580805 1.35448388304479 0.91081065246552
1.59912732266895 1.36023240686826 0.915352801194671
1.60542309952985 1.36600973719898 0.919961748921694
1.61171887639076 1.37181629533395 0.924637733239721
1.61801465325166 1.37765250408122 0.929380996614245
1.62431043011256 1.38351878779139 0.93419178664971
1.63060620697346 1.38941557239078 0.939070356352901
1.63690198383436 1.39534328541627 0.944016964392447
1.64319776069526 1.40130235605177 0.949031875353742
1.64949353755616 1.40729321516623 0.954115359988604
1.65578931441707 1.41331629535323 0.959267695458932
1.66208509127797 1.41937203097214 0.964489165573721
1.66838086813887 1.42546085819062 0.969780061018681
1.67467664499977 1.43158321502867 0.975140679577808
1.68097242186067 1.43773954140397 0.980571326346199
1.68726819872157 1.44393027917858 0.986072313933465
1.69356397558247 1.45015587220681 0.991643962657038
1.69985975244337 1.4564167663844 0.997286600724781
1.70615552930428 1.46271340969868 1.00300056440623
1.71245130616518 1.46904625227986 1.00878619819188
1.71874708302608 1.47541574645326 1.01464385493997
1.72504285988698 1.48182234679241 1.02057389601013
1.73133863674788 1.48826651017295 1.02657669138348
1.73763441360878 1.49474869582728 1.03265261976856
1.74393019046968 1.50126936539974 1.03880206869281
1.75022596733059 1.50782898300248 1.04502543457901
1.75652174419149 1.51442801527156 1.05132312280642
1.76281752105239 1.52106693142355 1.05769554775629
1.76911329791329 1.52774620331229 1.06414313284146
1.77540907477419 1.53446630548581 1.07066631051969
1.78170485163509 1.54122771524325 1.07726552229088
1.78800062849599 1.54803091269178 1.08394121867765
1.7942964053569 1.55487638080323 1.09069385918961
1.8005921822178 1.5617646054706 1.09752391227103
1.8068879590787 1.56869607556404 1.10443185523219
1.8131837359396 1.57567128298643 1.11141817416447
1.8194795128005 1.58269072272835 1.11848336383936
1.8257752896614 1.58975489292239 1.12562792759176
1.8320710665223 1.59686429489662 1.13285237718786
1.83836684338321 1.60401943322725 1.14015723267801
1.84466262024411 1.61122081579024 1.14754302223524
1.85095839710501 1.61846895381197 1.15501028197979
1.85725417396591 1.62576436191859 1.16255955579053
1.86354995082681 1.63310755818431 1.17019139510386
1.86984572768771 1.64049906417831 1.17790635870103
1.87614150454861 1.64793940501025 1.18570501248472
1.88243728140952 1.65542910937439 1.1935879292459
1.88873305827042 1.66296870959223 1.201555688422
1.89502883513132 1.67055874165353 1.20960887584767
1.90132461199222 1.67819974525581 1.21774808349914
1.90762038885312 1.68589226384218 1.2259739092337
1.91391616571402 1.69363684463757 1.2342869565256
1.92021194257492 1.7014340386832 1.24268783419977
1.92650771943583 1.70928440086949 1.251177156165
1.93280349629673 1.71718848996719 1.25975554114814
1.93909927315763 1.72514686865687 1.26842361243088
1.94539505001853 1.73316010355684 1.27718199759106
1.95169082687943 1.74122876524932 1.28603132825002
1.95798660374033 1.74935342830518 1.29497223982807
1.96428238060123 1.7575346713071 1.30400537130979
1.97057815746213 1.76577307687129 1.31313136502114
1.97687393432304 1.77406923166786 1.32235086642035
1.98316971118394 1.78242372643993 1.33166452390458
1.98946548804484 1.79083715602159 1.3410729886342
1.99576126490574 1.79931011935475 1.35057691437703
2.00205704176664 1.80784321950516 1.36017695737412
2.00835281862754 1.8164370636776 1.36987377622946
2.01464859548844 1.82509226323048 1.3796680318254
2.02094437234935 1.83380943369 1.38956038726575
2.02724014921025 1.84258919476404 1.39955150784861
2.03353592607115 1.85143217035592 1.40964206107066
2.03983170293205 1.86033898857843 1.4198327166648
2.04612747979295 1.86931028176802 1.43012414667287
2.05242325665385 1.87834668649975 1.44051702555509
2.05871903351475 1.8874488436029 1.45101203033774
2.06501481037566 1.89661739817773 1.46160984080066
2.07131058723656 1.90585299961348 1.4723111397056
2.07760636409746 1.915156301608 1.48311661306693
2.08390214095836 1.9245279621892 1.49402695046539
2.09019791781926 1.93396864373855 1.50504284540598
2.09649369468016 1.94347901301711 1.51616499572042
2.10278947154106 1.95305974119411 1.52739410401477
2.10908524840197 1.9627115038785 1.53873087816236
2.11538102526287 1.97243498115389 1.55017603184207
2.12167680212377 1.98223085761678 1.56173028512154
2.12797257898467 1.99209982241886 1.57339436508506
2.13426835584557 2.00204256931316 1.58516900650505
2.14056413270647 2.0120597967048 1.59705495255622
2.14685990956737 2.02215220770613 1.60905295557089
2.15315568642828 2.03232051019695 1.62116377783385
2.15945146328918 2.04256541688971 1.63338819241463
2.16574724015008 2.05288764540019 1.64572698403477
2.17204301701098 2.06328791832359 1.65818094996751
2.17833879387188 2.07376696331653 1.67075090096656
2.18463457073278 2.08432551318488 1.68343766222073
2.19093034759368 2.09496430597772 1.69624207433045
2.19722612445458 2.10568408508746 1.70916499430204
2.20352190131549 2.11648559935634 1.72220729655528
2.20981767817639 2.12736960318922 1.7353698739391
2.21611345503729 2.13833685667282 1.74865363875053
2.22240923189819 2.14938812570136 1.76205952375089
2.22870500875909 2.1605241821086 1.77558848317357
2.23500078561999 2.17174580380614 1.78924149371698
2.24129656248089 2.18305377492791 1.80301955551622
2.2475923393418 2.19444888598075 1.81692369308652
2.2538881162027 2.20593193400075 1.83095495623153
2.2601838930636 2.2175037227152 1.84511442090896
2.2664796699245 2.2291650627099 1.85940319004637
2.2727754467854 2.2409167716013 1.8738223942992
2.2790712236463 2.25275967421336 1.88837319274362
2.2853670005072 2.2646946027584 1.90305677349631
2.29166277736811 2.27672239702175 1.91787435425341
2.29795855422901 2.28884390454937 1.93282718274122
2.30425433108991 2.30105998083813 1.94791653707081
2.31055010795081 2.31337148952794 1.96314372598959
2.31684588481171 2.32577930259512 1.97851008902254
2.32314166167261 2.33828430054633 1.99401699649666
2.32943743853351 2.35088737261223 2.00966584944234
2.33573321539442 2.36358941694017 2.02545807936603
2.34202899225532 2.37639134078492 2.04139514788916
2.34832476911622 2.38929406069688 2.05747854624894
2.35462054597712 2.40229850270647 2.07370979465776
2.36091632283802 2.41540560250427 2.09009044151829
2.36721209969892 2.42861630561556 2.10662206249302
2.37350787655982 2.44193156756867 2.12330625942757
2.37980365342072 2.45535235405606 2.1401446591287
2.38609943028163 2.46887964108723 2.15713891199904
2.39239520714253 2.4825144151326 2.17429069053194
2.39869098400343 2.49625767325751 2.19160168767165
2.40498676086433 2.51011042324548 2.20907361504513
2.41128253772523 2.52407368370993 2.22670820107395
2.41757831458613 2.5381484841937 2.24450718897607
2.42387409144703 2.55233586525562 2.26247233466934
2.43016986830794 2.56663687854369 2.28060540459024
2.43646564516884 2.5810525868542 2.29890817344333
2.44276142202974 2.59558406417661 2.31738242189864
2.44905719889064 2.6102323957237 2.33602993425627
2.45535297575154 2.62499867794711 2.35485249609922
2.46164875261244 2.63988401853799 2.37385189195717
2.46794452947334 2.65488953641315 2.39302990300588
2.47424030633425 2.6700163616868 2.4123883048284
2.48053608319515 2.68526563562859 2.43192886526563
2.48683186005605 2.70063851060834 2.45165334238544
2.49312763691695 2.71613615002855 2.47156348260041
2.49942341377785 2.73175972824551 2.49166101896529
2.50571919063875 2.74751043048043 2.51194766968603
2.51201496749965 2.76338945272188 2.53242513687231
2.51831074436056 2.77939800162122 2.55309510556597
2.52460652122146 2.79553729438293 2.57395924307678
2.53090229808236 2.81180855865171 2.59501919865692
2.53719807494326 2.82821303239875 2.61627660354364
2.54349385180416 2.84475196380951 2.63773307139832
2.54978962866506 2.86142661117547 2.65939019916778
2.55608540552596 2.87823824279287 2.68124956839082
2.56238118238687 2.89518813687097 2.70331274696965
2.56867695924777 2.91227758145302 2.72558129142201
2.57497273610867 2.92950787435303 2.74805674962498
2.58126851296957 2.94688032311124 2.77074066405647
2.58756428983047 2.96439624497169 2.79363457553431
2.59386006669137 2.98205696688479 2.81674002744667
2.60015584355227 2.99986382553811 2.84005857046015
2.60645162041317 3.01781816741822 2.86359176768454
2.61274739727408 3.03592134890639 2.88734120026491
2.61904317413498 3.05417473641084 2.91130847336301
2.62533895099588 3.07257970653759 2.93549522248134
2.63163472785678 3.09113764630223 2.95990312007335
2.63793050471768 3.10984995338393 2.98453388237441
2.64422628157858 3.128718036423 3.00938927637816
2.65052205843948 3.14774331536258 3.03447112687377
2.65681783530039 3.1669272218346 3.05978132345053
2.66311361216129 3.1862711995895 3.08532182736715
2.66940938902219 3.20577670496842 3.11109467817592
2.67570516588309 3.22544520741607 3.13710199998403
2.68200094274399 3.24527819003154 3.1633460072291
2.68829671960489 3.26527715015359 3.18982900984115
2.69459249646579 3.28544359997618 3.21655341766056
2.7008882733267 3.30577906718917 3.24352174398072
2.7071840501876 3.32628509563812 3.27073660808548
2.7134798270485 3.34696324599669 3.29820073665531
2.7197756039094 3.36781509644394 3.32591696392286
2.7260713807703 3.38884224333838 3.35388823046809
2.7323671576312 3.41004630187996 3.38211758055616
2.7386629344921 3.43142890675042 3.41060815793722
2.74495871135301 3.45299171272223 3.43936320004739
2.75125448821391 3.4747363952259 3.46838603057309
2.75755026507481 3.49666465086519 3.49768005036826
2.76384604193571 3.51877819787017 3.52724872674397
2.77014181879661 3.54107877647765 3.55709558118437
2.77643759565751 3.56356814922975 3.58722417557919
2.78273337251841 3.58624810118129 3.61763809710332
2.78902914937932 3.60912044000823 3.64834094191555
2.79532492624022 3.63218699601038 3.67933629789247
2.80162070310112 3.65544962200291 3.71062772665792
2.80791647996202 3.67891019309343 3.74221874521334
2.81421225682292 3.70257060634296 3.77411280751777
2.82050803368382 3.72643278031182 3.80631328640851
2.82680381054472 3.75049865449393 3.83882345629143
2.83309958740562 3.77477018864573 3.87164647706428
2.83939536426653 3.79924936201898 3.90478537976394
2.84569114112743 3.82393817251011 3.93824305444902
2.85198691798833 3.84883863574155 3.97202224084045
2.85828269484923 3.87395278409427 4.0061255222432
2.86457847171013 3.89928266571371 4.04055532326082
2.87087424857103 3.9248303435145 4.07531391178894
2.87717002543193 3.95059789421247 4.11040340573368
2.88346580229284 3.97658740741482 4.14582578484401
2.88976157915374 4.00280098480169 4.18158290797325
2.89605735601464 4.0292407394342 4.2176765359924
2.90235313287554 4.05590879522479 4.25410836046761
2.90864890973644 4.08280728660626 4.29088003808429
2.91494468659734 4.1099383584353 4.32799323065281
2.92124046345824 4.13730416616448 4.3654496503651
2.92753624031915 4.1649068763146 4.40325110978998
2.93383201718005 4.19274866727475 4.44139957589863
2.94012779404095 4.22083173045295 4.47989722720351
2.94642357090185 4.24915827179329 4.51874651287661
2.95271934776275 4.27773051366816 4.55795021248991
2.95901512462365 4.30655069714426 4.59751149479689
2.96531090148455 4.33562108461121 4.63743397375259
2.97160667834546 4.36494396274874 4.67772175975773
2.97790245520636 4.39452164579581 4.71837950391372
2.98419823206726 4.42435647907012 4.75941243289749
2.99049400892816 4.45445084267097 4.80082637191344
2.99678978578906 4.48480715528219 4.84262775306086
3.00308556264996 4.51542787797459 4.88482360637604
3.00938133951086 4.5463155178903 4.92742153077402
3.01567711637177 4.57747263167351 4.97042964213306
3.02197289323267 4.6089018284955 5.01385649583956
3.02826867009357 4.64060577250476 5.05771098124806
3.03456444695447 4.67258718451813 5.10200218571394
3.04086022381537 4.70484884275463 5.14673922612819
3.04715600067627 4.73739358240165 5.19193104622648
3.05345177753717 4.77022429379383 5.23758617835875
3.05974755439808 4.80334391897786 5.28371246888998
3.06604333125898 4.83675544643311 5.33031676695447
3.07233910811988 4.87046190371807 5.37740457690128
3.07863488498078 4.90446634781684 5.42497967544055
3.08493066184168 4.93877185296847 5.47304369522161
3.09122643870258 4.97338149577532 5.52159567733437
3.09752221556348 5.00829833740453 5.5706315960138
3.10381799242439 5.04352540272027 5.62014385963053
3.11011376928529 5.07906565621214 5.67012079285406
3.11640954614619 5.11492197461897 5.72054610566274
3.12270532300709 5.15109711618475 5.77139835563069
3.12900109986799 5.18759368652673 5.82265041062768
3.13529687672889 5.22441410114225 5.87426891970656
3.14159265358979 5.26156054463196 5.92621380050671
