0 0.000158169358283149
0.00629577686090139 0.000520442809497683
0.0125915537218028 0.000860713163706069
0.0188873305827042 0.00117912065913164
0.0251831074436056 0.00147583319540696
0.0314788843045069 0.00175104593920558
0.0377746611654083 0.00200498089356718
0.0440704380263097 0.0022378864310728
0.0503662148872111 0.00245003679103185
0.0566619917481125 0.00264173154095338
0.0629577686090139 0.00281329500261723
0.0692535454699153 0.00296507564314316
0.0755493223308167 0.00309744543148525
0.0818450991917181 0.00321079916090006
0.0881408760526194 0.00330555373795342
0.0944366529135208 0.0033821474387327
0.100732429774422 0.00344103913298516
0.107028206635324 0.00348270747696583
0.113323983496225 0.00350765007587399
0.119619760357126 0.00351638261677778
0.125915537218028 0.00350943797304454
0.132211314078929 0.00348736528133636
0.138507090939831 0.00345072899228263
0.144802867800732 0.00340010789605238
0.151098644661633 0.00333609412406335
0.157394421522535 0.00325929212815868
0.163690198383436 0.00317031763865278
0.169985975244338 0.00306979660266846
0.176281752105239 0.00295836410429542
0.18257752896614 0.00283666326812573
0.188873305827042 0.00270534414779894
0.195169082687943 0.00256506260121253
0.201464859548844 0.002416479154153
0.207760636409746 0.00226025785410963
0.214056413270647 0.00209706511609553
0.220352190131549 0.00192756856236223
0.22664796699245 0.00175243585788912
0.232943743853351 0.00157233354363465
0.239239520714253 0.00138792586950337
0.245535297575154 0.00119987362906077
0.251831074436056 0.00100883299804333
0.258126851296957 0.000815454378727043
0.264422628157858 0.00062038125224706
0.27071840501876 0.000424249040988756
0.277014181879661 0.000227683983159088
0.283309958740563 3.13020216711202E-05
0.289605735601464 -0.000164292290499579
0.295901512462365 -0.000358506866385888
0.302197289323267 -0.000550763140358179
0.308493066184168 -0.000740497100605642
0.314788843045069 -0.000927160296652407
0.321084619905971 -0.00111022081981654
0.327380396766872 -0.00128916425452336
0.333676173627774 -0.00146349459845002
0.339971950488675 -0.0016327351494726
0.346267727349576 -0.0017964293574374
0.352563504210478 -0.00195414163883695
0.358859281071379 -0.00210545815247437
0.365155057932281 -0.00224998753431044
0.371450834793182 -0.00238736158968705
0.377746611654083 -0.00251723594122627
0.384042388514985 -0.00263929063073071
0.390338165375886 -0.00275323067353467
0.396633942236788 -0.00285878656376126
0.402929719097689 -0.00295571472909179
0.40922549595859 -0.00304379793369081
0.415521272819492 -0.00312284562803672
0.421817049680393 -0.00319269424449925
0.428112826541294 -0.00325320743761875
0.434408603402196 -0.0033042762681042
0.440704380263097 -0.00334581932972194
0.447000157123999 -0.0033777828183213
0.4532959339849 -0.00340014054237758
0.459591710845801 -0.0034128938745393
0.465887487706703 -0.00341607164377594
0.472183264567604 -0.00340972996788924
0.478479041428506 -0.00339395202622156
0.484774818289407 -0.00336884777255492
0.491070595150308 -0.00333455358831886
0.49736637201121 -0.00329123187637759
0.503662148872111 -0.0032390705957408
0.509957925733012 -0.00317828273776688
0.516253702593914 -0.00310910574448042
0.522549479454815 -0.00303180086982602
0.528845256315717 -0.00294665248477544
0.535141033176618 -0.00285396732738319
0.541436810037519 -0.00275407369897485
0.547732586898421 -0.00264732060785355
0.554028363759322 -0.00253407686198381
0.560324140620224 -0.00241473011229287
0.566619917481125 -0.00228968584834921
0.572915694342026 -0.00215936634829916
0.579211471202928 -0.00202420958510086
0.585507248063829 -0.00188466809118792
0.591803024924731 -0.00174120778385878
0.598098801785632 -0.00159430675377081
0.604394578646533 -0.00144445401907112
0.610690355507435 -0.00129214824776702
0.616986132368336 -0.00113789645112106
0.623281909229238 -0.000982212650858849
0.629577686090139 -0.000825616523175476
0.63587346295104 -0.000668632022555515
0.642169239811942 -0.000511785988540181
0.648465016672843 -0.000355606738647207
0.654760793533745 -0.000200622650719851
0.661056570394646 -4.73607380627739E-05
0.667352347255547 0.000103654779216922
0.673648124116449 0.000251903903212725
0.67994390097735 0.000396872284048611
0.686239677838251 0.00053805263895923
0.692535454699153 0.000674946161092538
0.698831231560054 0.000807063914369577
0.705127008420956 0.0009339282108356
0.711422785281857 0.00105507396685123
0.717718562142758 0.00117005003453319
0.72401433900366 0.00127842050481253
0.730310115864561 0.00137976597857958
0.736605892725463 0.00147368480231902
0.742901669586364 0.00155979426477493
0.749197446447265 0.00163773175118642
0.755493223308167 0.00170715585169467
0.761789000169068 0.00176774742062613
0.768084777029969 0.00181921058341117
0.774380553890871 0.00186127368799338
0.780676330751772 0.00189369019770602
0.786972107612674 0.00191623952266518
0.793267884473575 0.0019287277868919
0.799563661334476 0.00193098852846896
0.805859438195378 0.00192288333020874
0.812155215056279 0.00190430237842354
0.818450991917181 0.00187516494757634
0.824746768778082 0.00183541980873503
0.831042545638983 0.00178504555994596
0.837338322499885 0.00172405087678273
0.843634099360786 0.00165247468159058
0.849929876221687 0.0015703862300519
0.856225653082589 0.00147788511397495
0.86252142994349 0.00137510117938133
0.868817206804392 0.00126219435919095
0.875112983665293 0.00113935442002244
0.881408760526194 0.00100680062287062
0.887704537387096 0.000864781297615358
0.894000314247997 0.00071357333159805
0.900296091108899 0.000553481572707515
0.9065918679698 0.000384838147660105
0.912887644830701 0.00020800169642754
0.919183421691603 2.33565239793343E-05
0.925479198552504 -0.000168688329224453
0.931774975413406 -0.000367700096323809
0.938070752274307 -0.000573223370805231
0.944366529135208 -0.000784781268741153
0.95066230599611 -0.00100187666412166
0.956958082857011 -0.00122399349461766
0.963253859717913 -0.00145059813489823
0.969549636578814 -0.0016811408343842
0.975845413439715 -0.00191505721607355
0.982141190300617 -0.0021517698328849
0.988436967161518 -0.00239068977772261
0.99473274402242 -0.00263121834325031
1.00102852088332 -0.00287274872718846
1.00732429774422 -0.00311466777873015
1.01362007460512 -0.0033563577814768
1.01991585146602 -0.00359719826816463
1.02621162832693 -0.00383656786221098
1.03250740518783 -0.00407384614106099
1.03880318204873 -0.00430841551603711
1.04509895890963 -0.0045396631234178
1.05139473577053 -0.00476698272120246
1.05769051263143 -0.00498977658604804
1.06398628949233 -0.00520745740467188
1.07028206635324 -0.00541945015401102
1.07657784321414 -0.00562519396432881
1.08287362007504 -0.00582414395943642
1.08916939693594 -0.00601577306815382
1.09546517379684 -0.00619957380114444
1.10176095065774 -0.00637505998725518
1.10805672751864 -0.00654176846349896
1.11435250437955 -0.00669926071290594
1.12064828124045 -0.00684712444446833
1.12694405810135 -0.00698497510955121
1.13323983496225 -0.00711245734915389
1.13953561182315 -0.00722924636661948
1.14583138868405 -0.00733504922043782
1.15212716554495 -0.00742960603198473
1.15842294240586 -0.00751269110320973
1.16471871926676 -0.00758411393943947
1.17101449612766 -0.00764372017273263
1.17731027298856 -0.00769139238137018
1.18360604984946 -0.00772705080137137
1.18990182671036 -0.00775065392616714
1.19619760357126 -0.00776219899080632
1.20249338043217 -0.00776172233741823
1.20878915729307 -0.00774929965893123
1.21508493415397 -0.00772504611836711
1.22138071101487 -0.00768911634139413
1.22767648787577 -0.00764170428017152
1.23397226473667 -0.00758304294684642
1.24026804159757 -0.00751340401551315
1.24656381845848 -0.00743309729176711
1.25285959531938 -0.00734247004944732
1.25915537218028 -0.00724190623450816
1.26545114904118 -0.00713182553645875
1.27174692590208 -0.00701268232816932
1.27804270276298 -0.00688496447530351
1.28433847962388 -0.00674919201710078
1.29063425648478 -0.00660591572063596
1.29693003334569 -0.00645571551114621
1.30322581020659 -0.00629919878147644
1.30952158706749 -0.0061369985841333
1.31581736392839 -0.00596977170986501
1.32211314078929 -0.00579819665717562
1.32840891765019 -0.0056229714975784
1.33470469451109 -0.00544481164184796
1.341000471372 -0.00526444751295774
1.3472962482329 -0.00508262213180832
1.3535920250938 -0.00490008862225566
1.3598878019547 -0.00471760764235585
1.3661835788156 -0.00453594474911956
1.3724793556765 -0.00435586770442731
1.3787751325374 -0.00417814373015446
1.38507090939831 -0.00400353672082154
1.39136668625921 -0.00383280442246359
1.39766246312011 -0.00366669558667332
1.40395823998101 -0.00350594710906305
1.41025401684191 -0.00335128116160344
1.41654979370281 -0.0032034023285934
1.42284557056371 -0.00306299475612093
1.42914134742462 -0.00293071932511668
1.43543712428552 -0.00280721085821245
1.44173290114642 -0.00269307537071861
1.44802867800732 -0.00258888737612484
1.45432445486822 -0.0024951872565866
1.46062023172912 -0.00241247870883332
1.46691600859002 -0.00234122627594613
1.47321178545093 -0.00228185297538563
1.47950756231183 -0.00223473803353436
1.48580333917273 -0.002200214736922
1.49209911603363 -0.00217856841010211
1.49839489289453 -0.00217003452995046
1.50469066975543 -0.00217479698591783
1.51098644661633 -0.00219298649547706
1.51728222347723 -0.00222467918365887
1.52357800033814 -0.00226989533527422
1.52987377719904 -0.00232859832792842
1.53616955405994 -0.00240069375356478
1.54246533092084 -0.0024860287357702
1.54876110778174 -0.00258439144954248
1.55505688464264 -0.00269551084971087
1.56135266150354 -0.0028190566135462
1.56764843836445 -0.00295463930254747
1.57394421522535 -0.00310181074767235
1.58023999208625 -0.00326006466160189
1.58653576894715 -0.00342883748093104
1.59283154580805 -0.00360750944038912
1.59912732266895 -0.00379540588041927
1.60542309952985 -0.00399179878864753
1.61171887639076 -0.00419590857492969
1.61801465325166 -0.00440690607878591
1.62431043011256 -0.0046239148071896
1.63060620697346 -0.00484601339976254
1.63690198383436 -0.00507223831749748
1.64319776069526 -0.0053015867502213
1.64949353755616 -0.00553301973708886
1.65578931441707 -0.00576546549342472
1.66208509127797 -0.00599782293628048
1.66838086813887 -0.00622896540016438
1.67467664499977 -0.00645774453339309
1.68097242186067 -0.00668299436463693
1.68726819872157 -0.00690353552822276
1.69356397558247 -0.00711817963591455
1.69985975244337 -0.00732573378192236
1.70615552930428 -0.00752500516703036
1.71245130616518 -0.00771480582689055
1.71874708302608 -0.00789395744864252
1.72504285988698 -0.00806129625928342
1.73133863674788 -0.00821567796836686
1.73763441360878 -0.00835598274696592
1.74393019046968 -0.00848112022406156
1.75022596733059 -0.00859003448095841
1.75652174419149 -0.0086817090236766
1.76281752105239 -0.00875517171280049
1.76911329791329 -0.00880949962972699
1.77540907477419 -0.00884382385790605
1.78170485163509 -0.00885733415727463
1.78800062849599 -0.0088492835098688
1.7942964053569 -0.00881899251433826
1.8005921822178 -0.00876585360703475
1.8068879590787 -0.00868933508725123
1.8131837359396 -0.00858898492430393
1.8194795128005 -0.00846443432420108
1.8257752896614 -0.00831540103397166
1.8320710665223 -0.00814169236196394
1.83836684338321 -0.00794320789291647
1.84466262024411 -0.00771994187705305
1.85095839710501 -0.00747198527315374
1.85725417396591 -0.00719952742622443
1.86354995082681 -0.00690285736124907
1.86984572768771 -0.00658236467543927
1.87614150454861 -0.00623854001244095
1.88243728140952 -0.00587197510315174
1.88873305827042 -0.00548336235900693
1.89502883513132 -0.00507349400504986
1.90132461199222 -0.00464326074152166
1.90762038885312 -0.00419364992434468
1.91391616571402 -0.00372574325659092
1.92021194257492 -0.00324071398479586
1.92650771943583 -0.00273982359593283
1.93280349629673 -0.00222441801288586
1.93909927315763 -0.00169592328838397
1.94539505001853 -0.0011558407995218
1.95169082687943 -0.000605741947392602
1.95798660374033 -4.72623687068907E-05
1.96428238060123 0.000517904331275298
1.97057815746213 0.00108801331253972
1.97687393432304 0.00166127568631591
1.98316971118394 0.0022358661360562
1.98946548804484 0.00280993095336868
1.99576126490574 0.00338159646618452
2.00205704176664 0.00394897783350467
2.00835281862754 0.00451018817830828
2.01464859548844 0.00506334802724284
2.02094437234935 0.0056065950229196
2.02724014921025 0.00613809387173303
2.03353592607115 0.00665604648721096
2.03983170293205 0.00715870228624516
2.04612747979295 0.0076443685926173
2.05242325665385 0.00811142109964091
2.05871903351475 0.00855831434113297
2.06501481037566 0.00898359211731226
2.07131058723656 0.00938589781999566
2.07760636409746 0.00976398459904093
2.08390214095836 0.0101167253100121
2.09019791781926 0.0104431221810541
2.09649369468016 0.0107423161353326
2.10278947154106 0.0110135957037945
2.10908524840197 0.011256405461868
2.11538102526287 0.0114703539227223
2.12167680212377 0.0116552208189922
2.12797257898467 0.0118109637045754
2.13426835584557 0.0119377238080829
2.14056413270647 0.0120358310698885
2.14685990956737 0.0121058082954493
2.15315568642828 0.0121483743588389
2.15945146328918 0.012164446391921
2.16574724015008 0.0121551408968377
2.17204301701098 0.0121217737219435
2.17833879387188 0.0120658588445082
2.18463457073278 0.0119891059071051
2.19093034759368 0.0118934164587983
2.19722612445458 0.0117808788570608
2.20352190131549 0.011653761791651
2.20981767817639 0.0115145063977082
2.21611345503729 0.0113657169318611
2.22240923189819 0.0112101499924022
2.22870500875909 0.0110507022723896
2.23500078561999 0.0108903968430263
2.24129656248089 0.010732367973731
2.2475923393418 0.0105798445051164
2.2538881162027 0.0104361318012871
2.2601838930636 0.0103045923188798
2.2664796699245 0.0101886248417253
2.2727754467854 0.0100916424419339
2.2790712236463 0.0100170492408074
2.2853670005072 0.00996821605584453
2.29166277736811 0.00994845503345854
2.29795855422901 0.00996099338072831
2.30425433108991 0.0100089463233384
2.31055010795081 0.010095289431137
2.31684588481171 0.0102228304667431
2.32314166167261 0.0103941809270429
2.32943743853351 0.0106117274614004
2.33573321539442 0.0108776033642863
2.34202899225532 0.0111936603536593
2.34832476911622 0.0115614408593756
2.35462054597712 0.0119821510583216
2.36091632283802 0.0124566349047255
2.36721209969892 0.0129853494145609
2.37350787655982 0.0135683414726748
2.37980365342072 0.0142052264394721
2.38609943028163 0.0148951688406016
2.39239520714253 0.0156368654282351
2.39869098400343 0.0164285309056034
2.40498676086433 0.0172678866073523
2.41128253772523 0.0181521524269779
2.41757831458613 0.0190780422786161
2.42387409144703 0.0200417633736607
2.43016986830794 0.0210390195829535
2.43646564516884 0.0220650191421639
2.44276142202974 0.0231144869414499
2.44905719889064 0.0241816816201985
2.45535297575154 0.025260417663477
2.46164875261244 0.0263440926684457
2.46794452947334 0.0274257199163284
2.47424030633425 0.0284979663483647
2.48053608319515 0.0295531960023481
2.48683186005605 0.0305835189196908
2.49312763691695 0.0315808454815176
2.49942341377785 0.0325369460758203
2.50571919063875 0.0334435159363289
2.51201496749965 0.0342922449275282
2.51831074436056 0.0350748919790793
2.52460652122146 0.0357833637973108
2.53090229808236 0.0364097974013551
2.53719807494326 0.0369466459474248
2.54349385180416 0.0373867672171824
2.54978962866506 0.0377235140555841
2.55608540552596 0.0379508259507157
2.56238118238687 0.0380633208540426
2.56867695924777 0.038056386244834
2.57497273610867 0.0379262683488371
2.58126851296957 0.0376701583297314
2.58756428983047 0.0372862741841908
2.59386006669137 0.0367739369891931
2.60015584355227 0.0361336400757475
2.60645162041317 0.0353671096385604
2.61274739727408 0.034477355238729
2.61904317413498 0.0334687086192047
2.62533895099588 0.0323468492333632
2.63163472785678 0.0311188148882744
2.63793050471768 0.029792995930046
2.64422628157858 0.0283791114515455
2.65052205843948 0.026888166086835
2.65681783530039 0.0253323860748718
2.66311361216129 0.0237251334307875
2.66940938902219 0.0220807972595383
2.67570516588309 0.020414661486718
2.68200094274399 0.0187427485673375
2.68829671960489 0.0170816390670203
2.69459249646579 0.0154482673928693
2.7008882733267 0.0138596943832252
2.7071840501876 0.0123328579459741
2.7134798270485 0.0108843034619817
2.7197756039094 0.00952989624023859
2.7260713807703 0.00828451891927795
2.7323671576312 0.00716175734858426
2.7386629344921 0.00617357914544758
2.74495871135301 0.00533000979599496
2.75125448821391 0.00463881184109693
2.75755026507481 0.00410517334343607
2.76384604193571 0.00373141245338449
2.77014181879661 0.00351670545944716
2.77643759565751 0.00345684620181874
2.78273337251841 0.0035440451215627
2.78902914937932 0.00376677648880896
2.79532492624022 0.00410968247391619
2.80162070310112 0.00455354267038688
2.80791647996202 0.00507531741965828
2.81421225682292 0.0056482728009799
2.82050803368382 0.00624219440878715
2.82680381054472 0.00682369602507737
2.83309958740562 0.00735662798536385
2.83939536426653 0.00780258842159531
2.84569114112743 0.00812153863477727
2.85198691798833 0.00827252160378977
2.85828269484923 0.00821448008080239
2.86457847171013 0.00790716787459456
2.87087424857103 0.00731214480569253
2.87717002543193 0.00639384246890717
2.88346580229284 0.00512068440682301
2.88976157915374 0.00346624064238821
2.89605735601464 0.00141039281073985
2.90235313287554 -0.00105951754583433
2.90864890973644 -0.00394758850744559
2.91494468659734 -0.00724833943953884
2.92124046345824 -0.0109458120772135
2.92753624031915 -0.015012830835448
2.93383201718005 -0.0194104640810764
2.94012779404095 -0.0240877293217197
2.94642357090185 -0.0289815856523288
2.95271934776275 -0.0340172562325387
2.95901512462365 -0.0391089219392438
2.96531090148455 -0.044160824553737
2.97160667834546 -0.049068813823979
2.97790245520636 -0.0537223674346157
2.98419823206726 -0.0580071062922287
2.99049400892816 -0.0618078195915523
2.99678978578906 -0.0650120049063085
3.00308556264996 -0.0675139181174504
3.00938133951086 -0.0692191164636164
3.01567711637177 -0.070049465525154
3.02197289323267 -0.0699485677264509
3.02826867009357 -0.0688875561942712
3.03456444695447 -0.0668711838124763
3.04086022381537 -0.0639441233711642
3.04715600067627 -0.0601973811552936
3.05345177753717 -0.055774713513729
3.05974755439808 -0.0508789242686194
3.06604333125898 -0.0457779106515703
3.07233910811988 -0.0408103171676268
3.07863488498078 -0.0363906507617906
3.08493066184168 -0.0330137072416163
3.09122643870258 -0.0312581584063101
3.09752221556348 -0.0317891520149729
3.10381799242439 -0.0353597828040368
3.11011376928529 -0.0428113023802972
3.11640954614619 -0.055071949038223
3.12270532300709 -0.0731542953613551
3.12900109986799 -0.0981510317607817
3.13529687672889 -0.131229127677272
3.14159265358979 -0.173622338731135
