0 0 3.70219361094659E-05 1 0.998511568138048
0.00629577686090139 0.00629573527023584 0.00632409880476095 0.99998018166232 0.998715368132385
0.0125915537218028 0.0125912209984566 0.0126122834187135 0.999920727434814 0.998863546164147
0.0188873305827042 0.0188862076525383 0.0189012270509703 0.99982163967405 0.99895656536922
0.0251831074436056 0.0251804457201385 0.0251905838985581 0.999682922307536 0.998994891437242
0.0314788843045069 0.0314736857185863 0.0314800110974974 0.999504580833569 0.998978992259686
0.0377746611654083 0.0377656782047709 0.0377691687355579 0.99928662232101 0.998909337578409
0.0440704380263097 0.0440561737850288 0.0440577198628042 0.999029055409012 0.998786398634968
0.0503662148872111 0.0503449231250287 0.0503453304999359 0.99873189030667 0.998610647821031
0.0566619917481125 0.0566316769596548 0.0566316696444316 0.998395138792621 0.998382558330195
0.0629577686090139 0.0629161861028862 0.0629164092745063 0.998018814214575 0.998102603811518
0.0692535454699153 0.0691982014576741 0.0691992243508936 0.997602931488788 0.997771258025096
0.0755493223308167 0.0754774740258154 0.0754797928164663 0.997147507099467 0.997388994499997
0.0818450991917181 0.0817537549178218 0.0817577955937124 0.996652559098123 0.996956286194876
0.0881408760526194 0.0880267953627852 0.088032916580083 0.996118107102847 0.996473605161593
0.0944366529135208 0.0942963467182378 0.0943048426412334 0.99554417229754 0.995941422212145
0.100732429774422 0.100562160480008 0.100573263602178 0.99493077743107 0.995360206589247
0.107028206635324 0.10682398829207 0.106837872236384 0.99427794681637 0.994730425640878
0.113323983496225 0.113081581956387 0.113098364252829 0.993585706329475 0.994052544499098
0.119619760357126 0.119334693442751 0.119354438281051 0.992854083408496 0.993327025763474
0.125915537218028 0.125583074898612 0.125605795854221 0.992083107052534 0.992554329189414
0.132211314078929 0.131826478658903 0.131852141390269 0.991272807820528 0.991734911381732
0.138507090939831 0.138064657255855 0.138093182171097 0.990423217830046 0.990869225493754
0.144802867800732 0.144297363428809 0.144328628319922 0.989534370756011 0.989957720932261
0.151098644661633 0.150524350134013 0.150558192776769 0.988606301829365 0.989000843068597
0.157394421522535 0.156745370554418 0.156781591272179 0.987639047835675 0.987999032956212
0.163690198383436 0.162960178109456 0.162998542299148 0.986632647113673 0.986952727054967
0.169985975244338 0.169168526464817 0.169208767083358 0.98558713955374 0.985862356962464
0.176281752105239 0.175370169542214 0.175411989551743 0.984502566596317 0.984728349152714
0.18257752896614 0.181564861529134 0.181607936299424 0.983378971230271 0.983551124722392
0.188873305827042 0.18775235688858 0.187796336555077 0.982216397991188 0.982331099144989
0.195169082687943 0.193932410368808 0.193976922144784 0.981014892959605 0.981068682033102
0.201464859548844 0.200104777013045 0.200149427454399 0.979774503759186 0.979764276909131
0.207760636409746 0.206269212169197 0.206313589390512 0.978495279554837 0.978418280984638
0.214056413270647 0.21242547149955 0.212469147340045 0.977177271050751 0.977031084948621
0.220352190131549 0.218573310990451 0.218615843128545 0.975820530488405 0.975603072764926
0.22664796699245 0.224712486961982 0.224753420977229 0.974425111644482 0.974134621479032
0.232943743853351 0.230842756077618 0.230881627458848 0.972991069828747 0.972626101034439
0.239239520714253 0.236963875353873 0.237000211452417 0.971518461881849 0.971077874098852
0.245535297575154 0.243075602169928 0.243108924096892 0.970007346173072 0.969490295900383
0.251831074436056 0.249177694277252 0.249207518743842 0.968457782598019 0.967863714073936
0.258126851296957 0.255269909809201 0.255295750909184 0.966869832576238 0.966198468517978
0.264422628157858 0.261352007290607 0.261373378224058 0.965243559048788 0.964494891261858
0.27071840501876 0.267423745647344 0.267440160384892 0.963579026475745 0.962753306343821
0.277014181879661 0.273484884215892 0.273495859102738 0.961876300833647 0.960974029699878
0.283309958740563 0.279535182752869 0.279540238051938 0.960135449612876 0.959157369063661
0.289605735601464 0.285574401444555 0.285573062818201 0.958356541814989 0.957303623877376
0.295901512462365 0.291602300916401 0.291594100846149 0.956539647949974 0.955413085213976
0.302197289323267 0.297618642242511 0.297603121386413 0.954684840033466 0.953486035710641
0.308493066184168 0.303623186955117 0.30359989544234 0.952792191583883 0.951522749513646
0.314788843045069 0.309615697054031 0.309584195716396 0.950861777619516 0.949523492234698
0.321084619905971 0.315595935016074 0.315555796556325 0.948893674655559 0.947488520918775
0.327380396766872 0.321563663804496 0.321514473901146 0.946887960701069 0.945418084023531
0.333676173627774 0.327518646878369 0.327460005227052 0.944844715255879 0.943312421410273
0.339971950488675 0.333460648201961 0.333392169493294 0.942764019307445 0.941171764346542
0.346267727349576 0.339389432254095 0.339310747088112 0.940645955327637 0.938996335520266
0.352563504210478 0.345304764037483 0.345215519774797 0.93849060726947 0.936786349065496
0.358859281071379 0.351206409088038 0.351106270637948 0.936298060563775 0.934542010599677
0.365155057932281 0.357094133484172 0.356982784030003 0.934068402115813 0.9322635172724
0.371450834793182 0.362967703856065 0.362844845518107 0.931801720301833 0.929951057825582
0.377746611654083 0.368826887394913 0.368692241831401 0.929498104965567 0.927604812664985
0.384042388514985 0.374671451862163 0.374524760808791 0.927157647414666 0.925224953942987
0.390338165375886 0.380501165598708 0.380342191347283 0.924780440417089 0.922811645652482
0.396633942236788 0.386315797534079 0.38614432335093 0.922366578197415 0.920365043731791
0.402929719097689 0.392115117195597 0.391930947680483 0.919916156433119 0.917885296180442
0.40922549595859 0.397898894717511 0.397701856103807 0.917429272250773 0.915372543185648
0.415521272819492 0.403666900850109 0.403456841247115 0.914906024222198 0.912826917259327
0.421817049680393 0.409418906968805 0.409195696547111 0.912346512360556 0.91024854338546
0.428112826541294 0.415154685083199 0.414918216204082 0.909750838116388 0.907637539177587
0.434408603402196 0.420874007846116 0.420624195136021 0.907119104373592 0.904994015046217
0.440704380263097 0.426576648562618 0.426313428933827 0.904451415445343 0.902318074375931
0.447000157123999 0.432262381198984 0.431985713817654 0.901747877069962 0.899609813711899
0.4532959339849 0.437930980391677 0.437640846594468 0.899008596406722 0.896869322955572
0.459591710845801 0.44358222145627 0.443278624616852 0.896233682031601 0.894096685569257
0.465887487706703 0.449215880396357 0.448898845743137 0.893423243932978 0.891291978789286
0.472183264567604 0.454831733912425 0.454501308298898 0.890577393507278 0.888455273847454
0.478479041428506 0.460429559410714 0.460085811039865 0.887696243554548 0.885586636200431
0.484774818289407 0.46600913501203 0.465652153116312 0.884779908273996 0.882686125766791
0.491070595150308 0.471570239560547 0.471200134038952 0.881828503259454 0.879753797171316
0.49736637201121 0.477112652632569 0.476729553646394 0.878842145494806 0.876789699996215
0.503662148872111 0.48263615454527 0.482240212074209 0.875820953349345 0.873793879038886
0.509957925733012 0.488140526365395 0.487731909725631 0.872765046573082 0.870766374575834
0.516253702593914 0.493625549917948 0.49320444724394 0.869674546292004 0.867707222632344
0.522549479454815 0.499091007794829 0.498657625486561 0.866549575003266 0.864616455257515
0.528845256315717 0.50453668336346 0.504091245500909 0.863390256570341 0.861494100804221
0.535141033176618 0.509962360775365 0.509505108502014 0.860196716218108 0.858340184213592
0.541436810037519 0.515367824974731 0.514899015851943 0.856969080527889 0.855154727303558
0.547732586898421 0.520752861706927 0.520272769041062 0.853707477432432 0.851937749061031
0.554028363759322 0.526117257527001 0.525626169671133 0.85041203621084 0.84868926593726
0.560324140620224 0.531460799808138 0.530959019440292 0.847082887483447 0.845409292145907
0.566619917481125 0.536783276750087 0.536271120129905 0.84372016320664 0.842097839963379
0.572915694342026 0.542084477387557 0.541562273593321 0.84032399666763 0.838754920030937
0.579211471202928 0.547364191598579 0.546832281746532 0.836894522479168 0.835380541658113
0.585507248063829 0.552622210112835 0.552080946560748 0.833431876574208 0.831974713126957
0.591803024924731 0.557858324519953 0.557308070056885 0.829936196200522 0.828537441996624
0.598098801785632 0.563072327277765 0.562513454301971 0.826407619915258 0.825068735407809
0.604394578646533 0.568264011720537 0.567696901407473 0.822846287579449 0.821568600386563
0.610690355507435 0.573433172067158 0.572858213529524 0.819252340352468 0.818037044146968
0.616986132368336 0.578579603429298 0.577997192871059 0.815625920686436 0.814474074392219
0.623281909229238 0.583703101819527 0.583113641685833 0.811967172320571 0.810879699613581
0.629577686090139 0.588803464159403 0.588207362284321 0.808276240275493 0.807253929386772
0.63587346295104 0.593880488287519 0.593278157041467 0.80455327084748 0.803596774665259
0.642169239811942 0.598933972967519 0.598325828406277 0.80079841160266 0.799908248069998
0.648465016672843 0.60396371789607 0.603350178913211 0.797011811371172 0.79618836417513
0.654760793533745 0.608969523710807 0.608351011195374 0.793193620241258 0.792437139789162
0.661056570394646 0.613951191998228 0.613328127999453 0.789343989553322 0.788654594231174
0.667352347255547 0.618908525301566 0.618281332202379 0.785463071893925 0.784840749601565
0.673648124116449 0.623841327128609 0.623210426829672 0.781551021089741 0.780995631046915
0.67994390097735 0.628749401959493 0.62811521507544 0.777607992201456 0.777119267018485
0.686239677838251 0.633632555254449 0.632995500323978 0.773634141517628 0.773211689523943
0.692535454699153 0.638490593461515 0.637851086172933 0.769629626548486 0.769272934371873
0.698831231560054 0.643323324024208 0.642681776457982 0.765594606019689 0.765303041408655
0.705127008420956 0.648130555389156 0.64748737527898 0.761529239866037 0.761302054747315
0.711422785281857 0.652912097013689 0.652267687027519 0.757433689225127 0.757270022987941
0.717718562142758 0.657667759373395 0.657022516415849 0.753308116430972 0.753206999429301
0.72401433900366 0.662397353969628 0.661751668507101 0.749152685007559 0.74911304227129
0.730310115864561 0.667100693336983 0.666454948746757 0.744967559662376 0.744988214807845
0.736605892725463 0.671777591050724 0.671132162995301 0.740752906279878 0.740832585610025
0.742901669586364 0.676427861734175 0.675783117561993 0.736508891914912 0.736646228698895
0.749197446447265 0.681051321066066 0.680407619239699 0.732235684786098 0.732429223707957
0.755493223308167 0.685647785787841 0.685005475340708 0.72793345426916 0.728181656034811
0.761789000169068 0.69021707371092 0.689576493733468 0.723602370890211 0.723903616981799
0.768084777029969 0.694759003723921 0.694120482880178 0.719242606318998 0.719595203885385
0.774380553890871 0.699273395799838 0.698637251875151 0.714854333362094 0.715256520234039
0.780676330751772 0.703760071003178 0.70312661048389 0.710437725956049 0.710887675774431
0.786972107612674 0.708218851497053 0.707588369182788 0.705992959160497 0.706488786605742
0.793267884473575 0.712649560550228 0.712022339199387 0.701520209151217 0.702059975261928
0.799563661334476 0.717052022544126 0.716428332553121 0.697019653213149 0.697601370781812
0.805859438195378 0.721426062979791 0.720806162096453 0.692491469733367 0.693113108766865
0.812155215056279 0.725771508484802 0.725155641556345 0.68793583819401 0.688595331426599
0.818450991917181 0.730088186820146 0.72947658557597 0.683352939165167 0.684048187611488
0.824746768778082 0.734375926887045 0.733768809756589 0.678742954297718 0.679471832833372
0.831042545638983 0.738634558733738 0.738032130699527 0.674106066316137 0.674866429273331
0.837338322499885 0.742863913562218 0.742266366048149 0.669442459011248 0.670232145777002
0.843634099360786 0.747063823734919 0.746471334529771 0.664752317232939 0.665569157837394
0.849929876221687 0.751234122781366 0.750646855997426 0.660035826882837 0.660877647565229
0.856225653082589 0.75537464540477 0.7547927514714 0.65529317490694 0.656157803646882
0.86252142994349 0.759485227488579 0.758908843180464 0.650524549288204 0.651409821290034
0.868817206804392 0.763565706102986 0.762994954602734 0.645730139039094 0.646633902157135
0.875112983665293 0.767615919511385 0.767050910506061 0.640910134194094 0.641830254286849
0.881408760526194 0.771635707176781 0.771076536987898 0.63606472580217 0.636999092003636
0.887704537387096 0.775624909768156 0.775071661514561 0.631194105919201 0.632140635815659
0.894000314247997 0.779583369166782 0.779036112959807 0.626298467600368 0.627255112301265
0.900296091108899 0.783510928472489 0.782969721642662 0.621378004892496 0.622342753984244
0.9065918679698 0.787407432009883 0.786872319364433 0.616432912826369 0.617403799198169
0.912887644830701 0.791272725334519 0.790743739444831 0.611463387408995 0.612438491940071
0.919183421691603 0.79510665523902 0.794583816757135 0.606469625615841 0.607447081713797
0.925479198552504 0.798909069759152 0.798392387762347 0.60145182538302 0.602429823363353
0.931774975413406 0.802679818179843 0.802169290542259 0.596410185599453 0.597386976896611
0.938070752274307 0.806418751041164 0.805914364831386 0.591344906098977 0.592318807299744
0.944366529135208 0.810125720144247 0.809627452047699 0.586256187652434 0.587225584342793
0.95066230599611 0.813800578557159 0.813308395322112 0.581144231959703 0.58210758237678
0.956958082857011 0.817443180620732 0.81695703952666 0.576009241641713 0.576965080122804
0.963253859717913 0.82105338195433 0.820573231301327 0.570851420232407 0.571798360453581
0.969549636578814 0.824631039461575 0.824156819079484 0.56567097217068 0.566607710167885
0.975845413439715 0.828176011336017 0.827707653111871 0.560468102792268 0.561393419758399
0.982141190300617 0.831688157066758 0.83122558548911 0.555243018321617 0.556155783173461
0.988436967161518 0.835167337444017 0.834710470162698 0.549995925863703 0.550895097573244
0.99473274402242 0.83861341456465 0.838162162964442 0.544727033395827 0.545611663080882
1.00102852088332 0.842026251837619 0.841580521624324 0.539436549759368 0.540305782529108
1.00732429774422 0.845405713989399 0.844965405786746 0.534124684651509 0.534977761202944
1.01362007460512 0.848751667069347 0.848316677025155 0.528791648616924 0.529627906579027
1.01991585146602 0.852063978455006 0.85163419885501 0.52343765303943 0.524256528062136
1.02621162832693 0.855342516857367 0.854917836745085 0.518062910133611 0.518863936719509
1.03250740518783 0.858587152326065 0.8581674581271 0.512667632936407 0.513450445013546
1.03880318204873 0.861797756254539 0.861382932403652 0.50725203529867 0.508016366533492
1.04509895890963 0.864974201385122 0.864564130954471 0.501816331876683 0.502562015726708
1.05139473577053 0.868116361814092 0.867710927140975 0.496360738123661 0.497087707630122
1.05769051263143 0.871224112996653 0.870823196309135 0.4908854702812 0.491593757602492
1.06398628949233 0.874297331751883 0.873900815790665 0.485390745370715 0.486080481058059
1.07028206635324 0.877335896267606 0.876943664902539 0.479876781184833 0.480548193202224
1.07657784321414 0.880339686105228 0.879951624944846 0.474343796278763 0.474997208769835
1.08287362007504 0.883308582204506 0.882924579197018 0.468792009961631 0.469427841766699
1.08916939693594 0.886242466888268 0.885862412912432 0.463221642287789 0.463840405214902
1.09546517379684 0.889141223867081 0.888765013311429 0.457632914048092 0.45823521090254
1.10176095065774 0.892004738243855 0.891632269572766 0.452026046761148 0.452612569138432
1.10805672751864 0.8948328965184 0.894464072823551 0.446401262664534 0.446972788512397
1.11435250437955 0.897625586591925 0.897260316127679 0.440758784705991 0.441316175661653
1.12064828124045 0.90038269777148 0.900020894472819 0.435098836534588 0.435643035043884
1.12694405810135 0.903104120774344 0.902745704755999 0.429421642491851 0.429953668717526
1.13323983496225 0.905789747732357 0.90543464576783 0.423727427602879 0.424248376129784
1.13953561182315 0.908439472196195 0.908087618175416 0.418016417567418 0.418527453912885
1.14583138868405 0.911053189139591 0.910704524504021 0.412288838750919 0.412791195689065
1.15212716554495 0.913630794963493 0.913285269117519 0.406544918175564 0.407039891884764
1.15842294240586 0.916172187500177 0.915829758197723 0.400784883511269 0.401273829554462
1.16471871926676 0.918677266017291 0.918337899722623 0.395008963066656 0.395493292214616
1.17101449612766 0.921145931221853 0.920809603443616 0.389217385780011 0.389698559688078
1.17731027298856 0.92357808526418 0.923244780861792 0.383410381210201 0.383889907959398
1.18360604984946 0.925973631741772 0.925643345203345 0.377588179527582 0.378067609041371
1.18990182671036 0.928332475703132 0.928005211394171 0.371751011504871 0.372231930853159
1.19619760357126 0.930654523651526 0.930330296033752 0.365899108508002 0.366383137110304
1.20249338043217 0.932939683548695 0.932618517368368 0.360032702486956 0.360521487226906
1.20878915729307 0.935187864818497 0.934869795263747 0.354152025966562 0.354647236230239
1.21508493415397 0.937398978350501 0.937084051177206 0.348257312037287 0.348760634688007
1.22138071101487 0.939572936503518 0.939261208129385 0.342348794345994 0.342861928648455
1.22767648787577 0.941709653109075 0.941401190675634 0.336426707086679 0.336951359593499
1.23397226473667 0.943809043474828 0.943503924877151 0.330491284991193 0.331029164404996
1.24026804159757 0.945871024387924 0.945569338271954 0.324542763319935 0.32509557534428
1.24656381845848 0.947895514118295 0.94759735984576 0.318581377852526 0.31915082004501
1.25285959531938 0.949882432421897 0.94958792000286 0.312607364878469 0.313195121519399
1.25915537218028 0.951831700543896 0.951540950537081 0.306620961187774 0.3072286981778
1.26545114904118 0.953743241221784 0.953456384602911 0.300622404061583 0.301251763861643
1.27174692590208 0.955616978688443 0.95533415668687 0.294611931262756 0.29526452788966
1.27804270276298 0.957452838675151 0.957174202579217 0.288589781026453 0.289267195117293
1.28433847962388 0.959250748414519 0.958976459346072 0.282556192050687 0.283259966009181
1.29063425648478 0.961010636643385 0.960740865302036 0.276511403486866 0.277243036724534
1.29693003334569 0.962732433605629 0.962467359983385 0.270455654930312 0.271216599215237
1.30322581020659 0.964416071054944 0.964155884121922 0.264389186410765 0.26518084133643
1.30952158706749 0.966061482257539 0.96580637961957 0.258312238382866 0.259135946969315
1.31581736392839 0.967668601994785 0.967418789523766 0.252225051716634 0.253082096155909
1.32211314078929 0.969237366565798 0.968993058003747 0.246127867687909 0.247019465245397
1.32840891765019 0.970767713789966 0.970529130327792 0.240020927968797 0.240948227051758
1.33470469451109 0.972259583009414 0.972026952841488 0.233904474618082 0.234868551022251
1.341000471372 0.973712915091404 0.973486472947094 0.227778750071642 0.228780603416375
1.3472962482329 0.975127652430686 0.974907639084059 0.221643997132832 0.222684547494834
1.3535920250938 0.976503738951775 0.976290400710764 0.215500458962862 0.216580543718052
1.3598878019547 0.977841120111175 0.977634708287541 0.20934837907116 0.210468749953729
1.3661835788156 0.979139742899545 0.978940513261022 0.20318800130572 0.204349321692918
1.3724793556765 0.980399555843793 0.980207768049885 0.197019569843436 0.198222412274063
1.3787751325374 0.981620509009125 0.981436426032017 0.190843329180422 0.192088173114441
1.38507090939831 0.982802554001014 0.982626441533173 0.184659524122324 0.185946753948389
1.39136668625921 0.983945643967129 0.983777769817142 0.178468399774617 0.179798303071713
1.39766246312011 0.985049733599182 0.984890367077479 0.172270201532887 0.173642967591633
1.40395823998101 0.986114779134731 0.985964190430816 0.166065175073104 0.16748089368161
1.41025401684191 0.987140738358913 0.986999197911801 0.159853566341888 0.161312226840374
1.41654979370281 0.988127570606114 0.987995348469673 0.153635621546758 0.155137112154477
1.42284557056371 0.989075236761586 0.988952601966503 0.147411587146373 0.148955694563654
1.42914134742462 0.989983699262992 0.989870919177107 0.141181709840765 0.142768119128283
1.43543712428552 0.990852922101899 0.990750261790656 0.134946236561556 0.136574531298218
1.44173290114642 0.991682870825204 0.991590592413972 0.128705414462178 0.130375077182259
1.44802867800732 0.992473512536499 0.992391874576526 0.12245949090807 0.124169903817529
1.45432445486822 0.993224815897374 0.99315407273713 0.116208713466876 0.117959159437986
1.46062023172912 0.993936751128663 0.993877152292313 0.109953329898633 0.111742993741359
1.46691600859002 0.99460929001162 0.994561079586368 0.103693588145948 0.105521558153725
1.47321178545093 0.995242405889039 0.995205821923061 0.0974297363241724 0.0992950060909989
1.47950756231183 0.995836073666312 0.995811347578973 0.0911620227115679 0.0930634932165839
1.48580333917273 0.996390269812421 0.996377625818445 0.0848906957394639 0.0868271776944434
1.49209911603363 0.996904972360875 0.996904626910106 0.0786160039824121 0.0805862204368623
1.49839489289453 0.997380160910575 0.997392322144941 0.0723381961483324 0.0743407853461665
1.50469066975543 0.997815816626628 0.997840683855858 0.0660575210686558 0.0680910395497
1.51098644661633 0.998211922241088 0.998249685438711 0.0597742276884616 0.0618371536273456
1.51728222347723 0.998568462053646 0.998619301374735 0.0534885650566094 0.0555793018309119
1.52357800033814 0.99888542193225 0.998949507254328 0.0472007823158687 0.0493176622947151
1.52987377719904 0.999162789313664 0.999240279802134 0.0409111286930428 0.0430524172367055
1.53616955405994 0.999400553203966 0.999491596903358 0.0346198534890903 0.0367837531495072
1.54246533092084 0.999598704178987 0.999703437631255 0.0283272060692441 0.0305118609807697
1.54876110778174 0.999757234384681 0.999875782275713 0.022033435853127 0.0242369363022431
1.55505688464264 0.999876137537437 1.00000861237287 0.0157387923048658 0.0179591794670225
1.56135266150354 0.99995540892433 1.00010191073567 0.00944352492320368 0.0116787957544338
1.56764843836445 0.999995045403306 1.00015566148532 0.00314788323160991 0.00539599550206082
1.57394421522535 0.999995045403306 1.0001698500835 -0.00314788323160957 -0.000889005775554078
1.58023999208625 0.99995540892433 1.00014446336527 -0.00944352492320356 -0.00717598728197184
1.58653576894715 0.999876137537437 1.00007948957269 -0.0157387923048659 -0.0134647228480782
1.59283154580805 0.999757234384681 0.999974918388812 -0.0220334358531269 -0.0197549808558372
1.59912732266895 0.999598704178987 0.999830740972233 -0.0283272060692439 -0.0260465241769007
1.60542309952985 0.999400553203966 0.999646949991929 -0.0346198534890902 -0.0323391101263627
1.61171887639076 0.999162789313664 0.99942353966234 -0.0409111286930427 -0.0386324904319151
1.61801465325166 0.99888542193225 0.999160505778607 -0.0472007823158688 -0.0449264112186114
1.62431043011256 0.998568462053646 0.998857845751849 -0.0534885650566093 -0.0512206130094101
1.63060620697346 0.998211922241088 0.998515558644393 -0.0597742276884613 -0.0575148307416245
1.63690198383436 0.997815816626628 0.998133645204839 -0.0660575210686555 -0.0638087937993629
1.64319776069526 0.997380160910575 0.997712107902886 -0.072338196148332 -0.0701022260620015
1.64949353755616 0.996904972360875 0.99725095096379 -0.0786160039824122 -0.0763948459686861
1.65578931441707 0.996390269812421 0.996750180402367 -0.084890695739464 -0.0826863665988132
1.66208509127797 0.995836073666312 0.996209804056448 -0.0911620227115678 -0.0889764957684049
1.66838086813887 0.995242405889039 0.995629831619664 -0.0974297363241723 -0.0952649361422292
1.67467664499977 0.99460929001162 0.995010274673489 -0.103693588145948 -0.101551385361494
1.68097242186067 0.993936751128663 0.994351146718423 -0.109953329898633 -0.107835536186879
1.68726819872157 0.993224815897374 0.993652463204226 -0.116208713466876 -0.114117076656643
1.69356397558247 0.992473512536499 0.99291424155912 -0.12245949090807 -0.120395690259473
1.69985975244337 0.991682870825204 0.992136501217843 -0.128705414462178 -0.126671056121741
1.70615552930428 0.990852922101899 0.991319263648489 -0.134946236561556 -0.132942849208729
1.71245130616518 0.989983699262992 0.990462552378037 -0.141181709840765 -0.139210740539414
1.71874708302608 0.989075236761586 0.989566393016488 -0.147411587146373 -0.145474397414286
1.72504285988698 0.988127570606114 0.988630813279519 -0.153635621546758 -0.151733483655701
1.73133863674788 0.987140738358913 0.987655843009599 -0.159853566341888 -0.157987659860175
1.73763441360878 0.986114779134731 0.986641514195471 -0.166065175073104 -0.164236583662027
1.74393019046968 0.985049733599182 0.985587860989943 -0.172270201532887 -0.170479910007708
1.75022596733059 0.983945643967129 0.984494919725922 -0.178468399774618 -0.176717291440146
1.75652174419149 0.982802554001014 0.983362728930624 -0.184659524122324 -0.18294837839239
1.76281752105239 0.981620509009125 0.982191329337913 -0.190843329180421 -0.189172819489789
1.76911329791329 0.980399555843794 0.980980763898706 -0.197019569843435 -0.19539026185994
1.77540907477419 0.979139742899545 0.979731077789414 -0.20318800130572 -0.201600351449584
1.78170485163509 0.977841120111175 0.978442318418359 -0.20934837907116 -0.20780273334762
1.78800062849599 0.976503738951775 0.977114535430143 -0.215500458962862 -0.213997052113361
1.7942964053569 0.975127652430686 0.975747780707942 -0.221643997132832 -0.220182952109168
1.8005921822178 0.973712915091404 0.974342108373682 -0.227778750071642 -0.226360077836523
1.8068879590787 0.972259583009414 0.972897574786105 -0.233904474618082 -0.232528074274649
1.8131837359396 0.970767713789966 0.971414238536689 -0.240020927968797 -0.23868658722071
1.8194795128005 0.969237366565798 0.969892160443425 -0.24612786768791 -0.244835263630647
1.8257752896614 0.967668601994785 0.968331403542449 -0.252225051716634 -0.250973751959686
1.8320710665223 0.966061482257539 0.966732033077534 -0.258312238382866 -0.257101702501537
1.83836684338321 0.964416071054944 0.965094116487454 -0.264389186410764 -0.263218767725302
1.84466262024411 0.962732433605629 0.963417723391237 -0.270455654930312 -0.269324602609125
1.85095839710501 0.961010636643385 0.961702925571327 -0.276511403486866 -0.275418864969581
1.85725417396591 0.959250748414519 0.959949796954693 -0.282556192050687 -0.281501215785829
1.86354995082681 0.957452838675151 0.95815841359191 -0.288589781026453 -0.287571319517575
1.86984572768771 0.955616978688443 0.956328853634267 -0.294611931262756 -0.293628844415839
1.87614150454861 0.953743241221784 0.954461197308941 -0.300622404061583 -0.29967346282561
1.88243728140952 0.951831700543896 0.952555526892291 -0.306620961187774 -0.305704851479422
1.88873305827042 0.949882432421897 0.950611926681336 -0.312607364878469 -0.311722691780943
1.89502883513132 0.947895514118295 0.948630482963486 -0.318581377852526 -0.317726670077661
1.90132461199222 0.945871024387924 0.946611283984588 -0.324542763319934 -0.323716477921795
1.90762038885312 0.943809043474828 0.944554419915364 -0.330491284991192 -0.329691812318573
1.91391616571402 0.941709653109075 0.942459982816344 -0.336426707086678 -0.335652375961041
1.92021194257492 0.939572936503518 0.940328066601346 -0.342348794345993 -0.341597877450628
1.92650771943583 0.937398978350501 0.938158766999626 -0.348257312037287 -0.347528031502679
1.93280349629673 0.935187864818497 0.935952181516782 -0.354152025966562 -0.353442559136246
1.93909927315763 0.932939683548695 0.93370840939451 -0.360032702486956 -0.359341187847451
1.94539505001853 0.930654523651526 0.931427551569328 -0.365899108508002 -0.365223651765766
1.95169082687943 0.928332475703132 0.929109710630363 -0.371751011504871 -0.371089691792612
1.95798660374033 0.925973631741772 0.926754990776333 -0.377588179527581 -0.376939055721726
1.96428238060123 0.92357808526418 0.924363497771823 -0.383410381210201 -0.382771498340782
1.97057815746213 0.921145931221853 0.921935338902981 -0.38921738578001 -0.388586781513818
1.97687393432304 0.918677266017291 0.919470622932761 -0.395008963066656 -0.394384674244047
1.98316971118394 0.916172187500177 0.916969460055831 -0.400784883511269 -0.400164952716722
1.98946548804484 0.913630794963493 0.914431961853272 -0.406544918175564 -0.405927400321752
1.99576126490574 0.911053189139591 0.911858241247204 -0.412288838750919 -0.411671807655822
2.00205704176664 0.908439472196195 0.909248412455462 -0.418016417567418 -0.417397972503859
2.00835281862754 0.905789747732357 0.906602590946451 -0.423727427602879 -0.423105699799707
2.01464859548844 0.903104120774344 0.903920893394317 -0.429421642491851 -0.428794801565965
2.02094437234935 0.90038269777148 0.901203437634561 -0.435098836534588 -0.434465096832993
2.02724014921025 0.897625586591925 0.898450342620233 -0.440758784705991 -0.440116411537147
2.03353592607115 0.8948328965184 0.895661728378824 -0.446401262664534 -0.445748578398385
2.03983170293205 0.892004738243855 0.892837715969998 -0.452026046761147 -0.451361436777435
2.04612747979295 0.889141223867081 0.889978427444285 -0.457632914048092 -0.456954832512789
2.05242325665385 0.886242466888269 0.887083985802868 -0.463221642287789 -0.462528617737838
2.05871903351475 0.883308582204506 0.884154514958571 -0.468792009961631 -0.468082650678558
2.06501481037566 0.880339686105228 0.881190139698195 -0.474343796278763 -0.473616795432175
2.07131058723656 0.877335896267606 0.878190985646297 -0.479876781184833 -0.479130921727355
2.07760636409746 0.874297331751883 0.875157179230537 -0.485390745370715 -0.484624904666471
2.08390214095836 0.871224112996653 0.872088847648703 -0.4908854702812 -0.490098624450609
2.09019791781926 0.868116361814091 0.868986118837521 -0.496360738123661 -0.49555196608801
2.09649369468016 0.864974201385122 0.865849121443352 -0.501816331876683 -0.500984819086707
2.10278947154106 0.861797756254539 0.862677984794862 -0.507252035298669 -0.506397077132191
2.10908524840197 0.858587152326065 0.859472838877782 -0.512667632936407 -0.511788637750966
2.11538102526287 0.855342516857367 0.856233814311815 -0.51806291013361 -0.51715940196094
2.12167680212377 0.852063978455007 0.852961042329787 -0.523437653039429 -0.522509273909638
2.12797257898467 0.848751667069347 0.849654654759116 -0.528791648616924 -0.527838160501262
2.13426835584557 0.845405713989399 0.846314784005654 -0.534124684651509 -0.533145971013688
2.14056413270647 0.842026251837619 0.842941563039972 -0.539436549759368 -0.538432616706548
2.14685990956737 0.83861341456465 0.839535125386142 -0.544727033395826 -0.543698010421529
2.15315568642828 0.835167337444017 0.836095605113045 -0.549995925863703 -0.548942066176155
2.15945146328918 0.831688157066758 0.832623136828269 -0.555243018321617 -0.554164698752253
2.16574724015008 0.828176011336018 0.829117855674598 -0.560468102792268 -0.559365823280418
2.17204301701098 0.824631039461575 0.825579897329134 -0.56567097217068 -0.56454535482179
2.17833879387188 0.821053381954331 0.822009398005056 -0.570851420232407 -0.569703207948462
2.18463457073278 0.817443180620733 0.818406494456014 -0.576009241641712 -0.574839296323913
2.19093034759368 0.813800578557159 0.814771323983177 -0.581144231959703 -0.579953532284824
2.19722612445458 0.810125720144247 0.811104024444884 -0.586256187652434 -0.585045826425694
2.20352190131549 0.806418751041165 0.807404734268921 -0.591344906098977 -0.590116087187665
2.20981767817639 0.802679818179843 0.803673592467347 -0.596410185599453 -0.595164220452961
2.21611345503729 0.798909069759152 0.799910738653873 -0.60145182538302 -0.600190129146379
2.22240923189819 0.79510665523902 0.796116313063706 -0.606469625615841 -0.605193712845246
2.22870500875909 0.791272725334519 0.792290456575829 -0.611463387408995 -0.610174867399254
2.23500078561999 0.787407432009883 0.788433310737639 -0.616432912826369 -0.615133484561586
2.24129656248089 0.783510928472489 0.784545017791863 -0.621378004892496 -0.620069451632715
2.2475923393418 0.779583369166782 0.780625720705678 -0.626298467600368 -0.624982651118257
2.2538881162027 0.775624909768156 0.776675563201933 -0.631194105919201 -0.629872960402223
2.2601838930636 0.771635707176781 0.772694689792382 -0.63606472580217 -0.634740251436991
2.2664796699245 0.767615919511385 0.768683245812805 -0.640910134194094 -0.63958439045129
2.2727754467854 0.763565706102986 0.764641377459918 -0.645730139039094 -0.644405237677447
2.2790712236463 0.759485227488579 0.760569231829921 -0.650524549288204 -0.649202647099107
2.2853670005072 0.75537464540477 0.756466956958587 -0.65529317490694 -0.65397646622059
2.29166277736811 0.751234122781367 0.752334701862711 -0.660035826882837 -0.658726535859011
2.29795855422901 0.747063823734919 0.748172616582811 -0.664752317232939 -0.663452689960213
2.30425433108991 0.742863913562218 0.743980852226897 -0.669442459011248 -0.668154755439514
2.31055010795081 0.738634558733738 0.739759561015172 -0.674106066316137 -0.672832552048224
2.31684588481171 0.734375926887045 0.735508896325482 -0.678742954297718 -0.677485892266791
2.32314166167261 0.730088186820145 0.731229012739357 -0.683352939165167 -0.682114581225379
2.32943743853351 0.725771508484802 0.726920066088467 -0.68793583819401 -0.686718416652616
2.33573321539442 0.721426062979791 0.722582213501299 -0.692491469733367 -0.691297188853159
2.34202899225532 0.717052022544126 0.718215613449899 -0.697019653213149 -0.695850680714639
2.34832476911622 0.712649560550228 0.71382042579646 -0.701520209151217 -0.700378667744483
2.35462054597712 0.708218851497053 0.709396811839593 -0.705992959160497 -0.704880918136992
2.36091632283802 0.703760071003178 0.704944934360084 -0.710437725956049 -0.709357192871005
2.36721209969892 0.699273395799838 0.700464957665923 -0.714854333362094 -0.713807245838343
2.37350787655982 0.694759003723921 0.695957047636444 -0.719242606318998 -0.718230824003151
2.37980365342072 0.69021707371092 0.691421371765352 -0.723602370890211 -0.72262766759218
2.38609943028163 0.685647785787841 0.686858099202465 -0.72793345426916 -0.726997510315892
2.39239520714253 0.681051321066066 0.682267400793961 -0.732235684786098 -0.731340079620237
2.39869098400343 0.676427861734175 0.677649449120944 -0.736508891914912 -0.735655096968803
2.40498676086433 0.671777591050724 0.673004418536143 -0.740752906279878 -0.739942278154943
2.41128253772523 0.667100693336983 0.668332485198548 -0.744967559662376 -0.7442013336434
2.41757831458613 0.662397353969628 0.663633827105809 -0.749152685007559 -0.748431968940815
2.42387409144703 0.657667759373395 0.658908624124209 -0.753308116430972 -0.752633884994411
2.43016986830794 0.65291209701369 0.654157058016043 -0.757433689225127 -0.756806778618043
2.43646564516884 0.648130555389156 0.649379312464228 -0.761529239866037 -0.760950342944698
2.44276142202974 0.643323324024209 0.644575573093988 -0.765594606019689 -0.765064267904404
2.44905719889064 0.638490593461515 0.63974602749145 -0.769629626548486 -0.769148240726427
2.45535297575154 0.633632555254449 0.634890865219006 -0.773634141517628 -0.773201946464527
2.46164875261244 0.628749401959493 0.630010277827296 -0.777607992201456 -0.777225068543914
2.46794452947334 0.623841327128609 0.625104458863689 -0.78155102108974 -0.781217289328495
2.47424030633425 0.618908525301566 0.620173603877129 -0.785463071893925 -0.785178290706854
2.48053608319515 0.613951191998228 0.615217910419236 -0.789343989553322 -0.78910775469534
2.48683186005605 0.608969523710807 0.610237578041563 -0.793193620241258 -0.793005364056548
2.49312763691695 0.60396371789607 0.605232808288916 -0.797011811371172 -0.796870802931363
2.49942341377785 0.598933972967519 0.600203804688655 -0.80079841160266 -0.800703757482672
2.50571919063875 0.593880488287519 0.595150772735909 -0.80455327084748 -0.804503916548771
2.51201496749965 0.588803464159403 0.590073919874662 -0.808276240275493 -0.808270972304383
2.51831074436056 0.583703101819527 0.584973455474643 -0.811967172320571 -0.812004620927168
2.52460652122146 0.578579603429298 0.579849590804024 -0.815625920686436 -0.815704563267506
2.53090229808236 0.573433172067158 0.574702538997885 -0.819252340352468 -0.819370505519289
2.53719807494326 0.568264011720538 0.569532515022468 -0.822846287579449 -0.823002159889381
2.54349385180416 0.563072327277765 0.56433973563522 -0.826407619915258 -0.826599245263371
2.54978962866506 0.557858324519953 0.559124419340665 -0.829936196200522 -0.830161487865162
2.55608540552596 0.552622210112835 0.553886786342149 -0.833431876574208 -0.83368862190795
2.56238118238687 0.547364191598579 0.548627058489523 -0.836894522479168 -0.837180390234042
2.56867695924777 0.542084477387557 0.543345459222834 -0.84032399666763 -0.840636544940993
2.57497273610867 0.536783276750087 0.538042213512129 -0.84372016320664 -0.844056847991487
2.58126851296957 0.531460799808138 0.532717547793475 -0.847082887483447 -0.847441071804359
2.58756428983047 0.526117257527001 0.527371689901323 -0.85041203621084 -0.850788999824193
2.59386006669137 0.520752861706927 0.522004868997365 -0.853707477432432 -0.854100427066868
2.60015584355227 0.515367824974731 0.516617315496031 -0.856969080527889 -0.857375160638475
2.60645162041317 0.509962360775365 0.511209260986819 -0.860196716218108 -0.86061302022501
2.61274739727408 0.50453668336346 0.505780938153632 -0.863390256570341 -0.863813838550294
2.61904317413498 0.499091007794829 0.500332580691345 -0.866549575003266 -0.866977461799575
2.62533895099588 0.493625549917948 0.494864423219817 -0.869674546292004 -0.870103750006306
2.63163472785678 0.488140526365395 0.489376701195588 -0.872765046573082 -0.873192577399657
2.63793050471768 0.48263615454527 0.483869650821525 -0.875820953349344 -0.876243832710331
2.64422628157858 0.477112652632569 0.478343508954675 -0.878842145494806 -0.879257419432355
2.65052205843948 0.471570239560547 0.472798513012611 -0.881828503259454 -0.882233256038543
2.65681783530039 0.46600913501203 0.467234900878582 -0.884779908273996 -0.88517127614744
2.66311361216129 0.460429559410714 0.461652910805765 -0.887696243554548 -0.88807142863959
2.66940938902219 0.454831733912425 0.456052781320947 -0.890577393507278 -0.890933677721128
2.67570516588309 0.449215880396357 0.450434751127987 -0.893423243932978 -0.893758002932709
2.68200094274399 0.443582221456271 0.444799059011387 -0.896233682031601 -0.896544399101965
2.68829671960489 0.437930980391677 0.439145943740355 -0.899008596406722 -0.89929287623776
2.69459249646579 0.432262381198985 0.433475643973715 -0.901747877069962 -0.902003459364611
2.7008882733267 0.426576648562618 0.427788398166051 -0.904451415445343 -0.904676188295825
2.7071840501876 0.420874007846117 0.422084444475485 -0.907119104373592 -0.907311117343974
2.7134798270485 0.415154685083199 0.416364020673463 -0.909750838116388 -0.909908314967514
2.7197756039094 0.409418906968805 0.410627364056985 -0.912346512360556 -0.912467863352467
2.7260713807703 0.403666900850109 0.404874711363664 -0.914906024222198 -0.914989857928264
2.7323671576312 0.397898894717511 0.399106298690052 -0.917429272250773 -0.917474406816991
2.7386629344921 0.392115117195597 0.393322361413633 -0.919916156433119 -0.919921630215424
2.74495871135301 0.386315797534079 0.387523134118932 -0.922366578197415 -0.922331659709457
2.75125448821391 0.380501165598708 0.381708850528145 -0.924780440417089 -0.924704637520641
2.75755026507481 0.374671451862163 0.37587974343673 -0.927157647414666 -0.927040715684771
2.76384604193571 0.368826887394914 0.370036044654383 -0.929498104965567 -0.929340055162621
2.77014181879661 0.362967703856065 0.364177984951824 -0.931801720301833 -0.931602824883125
2.77643759565751 0.357094133484172 0.358305794013818 -0.934068402115813 -0.933829200719453
2.78273337251841 0.351206409088038 0.352419700398859 -0.936298060563775 -0.936019364398697
2.78902914937932 0.345304764037483 0.346519931505912 -0.93849060726947 -0.938173502345977
2.79532492624022 0.339389432254095 0.340606713548646 -0.940645955327637 -0.940291804464062
2.80162070310112 0.333460648201961 0.334680271537553 -0.942764019307445 -0.942374462849741
2.80791647996202 0.327518646878369 0.328740829270329 -0.944844715255879 -0.9444216704484
2.81421225682292 0.321563663804496 0.32278860933093 -0.946887960701069 -0.946433619648456
2.82050803368382 0.315595935016074 0.316823833097657 -0.948893674655559 -0.948410500817493
2.82680381054472 0.309615697054031 0.310846720760634 -0.950861777619516 -0.950352500782145
2.83309958740562 0.303623186955117 0.304857491349026 -0.952792191583883 -0.952259801253973
2.83939536426653 0.297618642242511 0.298856362768339 -0.954684840033466 -0.954132577203767
2.84569114112743 0.291602300916401 0.292843551848098 -0.956539647949974 -0.955970995186912
2.85198691798833 0.285574401444555 0.286819274400229 -0.958356541814989 -0.957775211622623
2.85828269484923 0.279535182752869 0.280783745288399 -0.960135449612876 -0.959545371030079
2.86457847171013 0.273484884215892 0.274737178508598 -0.961876300833647 -0.961281604224631
2.87087424857103 0.267423745647345 0.268679787281187 -0.963579026475745 -0.962984026477458
2.87717002543193 0.261352007290607 0.262611784154644 -0.965243559048788 -0.964652735642221
2.88346580229284 0.255269909809202 0.256533381121195 -0.966869832576238 -0.966287810252436
2.88976157915374 0.249177694277252 0.250444789744503 -0.968457782598019 -0.967889307593421
2.89605735601464 0.243075602169928 0.244346221299575 -0.970007346173072 -0.969457261752885
2.90235313287554 0.236963875353873 0.238237886924987 -0.971518461881849 -0.970991681654325
2.90864890973644 0.230842756077618 0.232119997787535 -0.972991069828747 -0.972492549077564
2.91494468659734 0.224712486961982 0.22599276525939 -0.974425111644482 -0.973959816670901
2.92124046345824 0.218573310990451 0.219856401107761 -0.975820530488405 -0.975393405959462
2.92753624031915 0.21242547149955 0.213711117697114 -0.977177271050751 -0.976793205354464
2.93383201718005 0.206269212169197 0.207557128203902 -0.978495279554837 -0.978159068168218
2.94012779404095 0.200104777013045 0.201394646843762 -0.979774503759186 -0.979490810639776
2.94642357090185 0.193932410368808 0.195223889111092 -0.981014892959605 -0.980788209976254
2.95271934776275 0.18775235688858 0.189045072030904 -0.982216397991188 -0.982051002414904
2.95901512462365 0.181564861529134 0.182858414422794 -0.983378971230271 -0.983278881311101
2.96531090148455 0.175370169542215 0.176664137176852 -0.984502566596317 -0.984471495257462
2.97160667834546 0.169168526464817 0.170462463541311 -0.98558713955374 -0.985628446239355
2.97790245520636 0.162960178109456 0.164253619421668 -0.986632647113673 -0.986749287832099
2.98419823206726 0.156745370554418 0.15803783369102 -0.987639047835675 -0.987833523445174
2.99049400892816 0.150524350134013 0.151815338511286 -0.988606301829365 -0.988880604618773
2.99678978578906 0.144297363428809 0.145586369664979 -0.989534370756011 -0.989889929378013
3.00308556264996 0.138064657255855 0.139351166897139 -0.990423217830046 -0.990860840650142
3.00938133951086 0.131826478658903 0.133109974267023 -0.991272807820528 -0.991792624749998
3.01567711637177 0.125583074898612 0.126863040509101 -0.992083107052534 -0.992684509938992
3.02197289323267 0.119334693442751 0.120610619402879 -0.992854083408496 -0.993535665062784
3.02826867009357 0.113081581956387 0.114352970151033 -0.993585706329475 -0.994345198272802
3.03456444695447 0.10682398829207 0.108090357765326 -0.99427794681637 -0.995112155836622
3.04086022381537 0.100562160480008 0.101823053459708 -0.99493077743107 -0.995835521042188
3.04715600067627 0.0942963467182376 0.0955513350500168 -0.99554417229754 -0.996514213200697
3.05345177753717 0.0880267953627853 0.0892754873596314 -0.996118107102847 -0.997147086752892
3.05974755439808 0.0817537549178218 0.082995802630409 -0.996652559098123 -0.997732930483351
3.06604333125898 0.0754774740258157 0.0767125809382257 -0.997147507099467 -0.99827046684722
3.07233910811988 0.0691982014576742 0.0704261306123818 -0.997602931488788 -0.998758351413696
3.07863488498078 0.0629161861028865 0.0641367686581408 -0.998018814214575 -0.999195172430363
3.08493066184168 0.056631676959655 0.0578448211816116 -0.998395138792621 -0.999579450512344
3.09122643870258 0.0503449231250288 0.0515506238161943 -0.99873189030667 -0.999909638459995
3.09752221556348 0.0440561737850291 0.0452545221497525 -0.999029055409012 -1.0001841212087
3.10381799242439 0.0377656782047706 0.0389568721516789 -0.99928662232101 -1.00040121591405
3.11011376928529 0.0314736857185863 0.0326580405989944 -0.999504580833569 -1.00055917217558
3.11640954614619 0.0251804457201384 0.0263584055005871 -0.999682922307536 -1.00065617240185
3.12270532300709 0.0188862076525385 0.0200583565187101 -0.99982163967405 -1.00069033231944
3.12900109986799 0.0125912209984566 0.0137582953868064 -0.999920727434814 -1.00065970162833
3.13529687672889 0.00629573527023612 0.00745863632274933 -0.99998018166232 -1.00056226480567
3.14159265358979 1.22460635382238E-16 0.0011598064365448 -1 -1.00039594205967
