0 0.0860467028696436
0.00629577686090139 0.081081740066734
0.0125915537218028 0.0762193194421129
0.0188873305827042 0.0714614068006646
0.0251831074436056 0.0668098682658398
0.0314788843045069 0.0622664680926857
0.0377746611654083 0.0578328665826367
0.0440704380263097 0.053510618104336
0.0503662148872111 0.0493011692246685
0.0566619917481125 0.0452058569541093
0.0629577686090139 0.041225907110361
0.0692535454699153 0.0373624328041593
0.0755493223308167 0.0336164330509915
0.0818450991917181 0.0299887915123467
0.0881408760526194 0.0264802753699702
0.0944366529135208 0.0230915343364456
0.100732429774422 0.019823099805263
0.107028206635324 0.0166753841433842
0.113323983496225 0.0136486801290951
0.119619760357126 0.0107431605377993
0.125915537218028 0.00795887787817662
0.132211314078929 0.00529576428094039
0.138507090939831 0.00275363154221198
0.144802867800732 0.000332171323318975
0.151098644661633 -0.0019690444914163
0.157394421522535 -0.00415056327755056
0.163690198383436 -0.0062130509929656
0.169985975244338 -0.0081572913390334
0.176281752105239 -0.00998418475990231
0.18257752896614 -0.0116947472795766
0.188873305827042 -0.0132901091767191
0.195169082687943 -0.0147715134973774
0.201464859548844 -0.016140314406123
0.207760636409746 -0.0173979753763569
0.214056413270647 -0.0185460672208307
0.220352190131549 -0.0195862659637218
0.22664796699245 -0.0205203505558811
0.232943743853351 -0.0213502004351788
0.239239520714253 -0.0220777929341598
0.245535297575154 -0.0227052005375182
0.251831074436056 -0.0232345879922023
0.258126851296957 -0.0236682092732486
0.264422628157858 -0.0240084044087511
0.27071840501876 -0.024257596167662
0.277014181879661 -0.0244182866144061
0.283309958740563 -0.0244930535345991
0.289605735601464 -0.0244845467364267
0.295901512462365 -0.0243954842325464
0.302197289323267 -0.0242286483076284
0.308493066184168 -0.023986881476955
0.314788843045069 -0.0236730823417353
0.321084619905971 -0.0232902013470803
0.327380396766872 -0.0228412364488123
0.333676173627774 -0.0223292286955546
0.339971950488675 -0.0217572577327595
0.346267727349576 -0.0211284372355794
0.352563504210478 -0.0204459102776886
0.358859281071379 -0.0197128446433896
0.365155057932281 -0.018932428090505
0.371450834793182 -0.018107863571772
0.377746611654083 -0.0172423644225986
0.384042388514985 -0.0163391495232201
0.390338165375886 -0.0154014384434247
0.396633942236788 -0.0144324465781512
0.402929719097689 -0.0134353802823743
0.40922549595859 -0.0124134320137979
0.415521272819492 -0.0113697754919507
0.421817049680393 -0.0103075608823481
0.428112826541294 -0.0092299100144374
0.434408603402196 -0.00813991164207223
0.440704380263097 -0.00704061675527107
0.447000157123999 -0.00593503395202638
0.4532959339849 -0.00482612487888573
0.459591710845801 -0.00371679974900813
0.465887487706703 -0.00260991294632629
0.472183264567604 -0.00150825872436428
0.478479041428506 -0.000414567008173827
0.484774818289407 0.000668500692271867
0.491070595150308 0.00173835524903576
0.49736637201121 0.00279248375546637
0.503662148872111 0.00382845322987319
0.509957925733012 0.00484391417595875
0.516253702593914 0.00583660399253971
0.522549479454815 0.00680435022532838
0.528845256315717 0.00774507365380389
0.535141033176618 0.00865679120645868
0.541436810037519 0.00953761869800795
0.547732586898421 0.0103857733824515
0.554028363759322 0.0111995763161872
0.560324140620224 0.0119774545257422
0.566619917481125 0.0127179429750193
0.572915694342026 0.0134196863273396
0.579211471202928 0.0140814404979493
0.585507248063829 0.0147020739930557
0.591803024924731 0.0152805690318759
0.598098801785632 0.0158160224486037
0.604394578646533 0.016307646371656
0.610690355507435 0.0167547686779764
0.616986132368336 0.0171568332206816
0.623281909229238 0.0175133998287627
0.629577686090139 0.0178241440780597
0.63587346295104 0.0180888568331958
0.642169239811942 0.0183074435606688
0.648465016672843 0.0184799234137676
0.654760793533745 0.0186064280905073
0.661056570394646 0.0186872004662584
0.667352347255547 0.0187225930032714
0.673648124116449 0.0187130659397796
0.67994390097735 0.0186591852618843
0.686239677838251 0.0185616204619249
0.692535454699153 0.0184211420875188
0.698831231560054 0.0182386190859816
0.705127008420956 0.018015015949287
0.711422785281857 0.0177513896652384
0.717718562142758 0.0174488864809715
0.72401433900366 0.0171087384853873
0.730310115864561 0.0167322600175512
0.736605892725463 0.0163208439085394
0.742901669586364 0.0158759575646374
0.749197446447265 0.0153991389001989
0.755493223308167 0.0148919921288769
0.761789000169068 0.0143561834223018
0.768084777029969 0.013793436445653
0.774380553890871 0.0132055277798931
0.780676330751772 0.0125942822407672
0.786972107612674 0.011961568104948
0.793267884473575 0.0113092922539972
0.799563661334476 0.0106393952470487
0.805859438195378 0.00995384633335039
0.812155215056279 0.00925463841600693
0.818450991917181 0.0085437829784194
0.824746768778082 0.00782330498508665
0.831042545638983 0.00709523776853538
0.837338322499885 0.00636161791424417
0.843634099360786 0.00562448015548522
0.849929876221687 0.00488585229004412
0.856225653082589 0.00414775013076862
0.86252142994349 0.00341217250189374
0.868817206804392 0.00268109629300628
0.875112983665293 0.00195647158244128
0.881408760526194 0.00124021684178999
0.887704537387096 0.000534214233027352
0.894000314247997 -0.000159694990379378
0.900296091108899 -0.00083971496725721
0.9065918679698 -0.00150409958649966
0.912887644830701 -0.00215115670819854
0.919183421691603 -0.00277925223778996
0.925479198552504 -0.0033868140432175
0.931774975413406 -0.0039723357054362
0.938070752274307 -0.00453438009298501
0.944366529135208 -0.00507158275175668
0.95066230599611 -0.00558265510151223
0.956958082857011 -0.00606638743115551
0.963253859717913 -0.00652165168526353
0.969549636578814 -0.00694740403486005
0.975845413439715 -0.00734268722594911
0.982141190300617 -0.00770663269986671
0.988436967161518 -0.00803846248007356
0.99473274402242 -0.00833749082058244
1.00102852088332 -0.00860312561182008
1.00732429774422 -0.00883486954032131
1.01362007460512 -0.0090323209992812
1.01991585146602 -0.0091951747476271
1.02621162832693 -0.00932322231590588
1.03250740518783 -0.00941635215793679
1.03880318204873 -0.00947454954785065
1.04509895890963 -0.00949789622276997
1.05139473577053 -0.00948656977206541
1.05769051263143 -0.00944084277480228
1.06398628949233 -0.00936108168761629
1.07028206635324 -0.0092477454859573
1.07657784321414 -0.00910138406227412
1.08287362007504 -0.00892263638536739
1.08916939693594 -0.00871222842578145
1.09546517379684 -0.00847097085273374
1.10176095065774 -0.00819975650870108
1.10805672751864 -0.00789955766838313
1.11435250437955 -0.00757142308936365
1.12064828124045 -0.00721647486233945
1.12694405810135 -0.00683590506936471
1.13323983496225 -0.00643097225907896
1.13953561182315 -0.00600299774838564
1.14583138868405 -0.0055533617605561
1.15212716554495 -0.00508349941017538
1.15842294240586 -0.00459489654578804
1.16471871926676 -0.00408908546149844
1.17101449612766 -0.00356764048917624
1.17731027298856 -0.0030321734832266
1.18360604984946 -0.00248432921023456
1.18990182671036 -0.00192578065604843
1.19619760357126 -0.00135822426311871
1.20249338043217 -0.000783375111127582
1.20878915729307 -0.000202962054102751
1.21508493415397 0.000381277172632699
1.22138071101487 0.000967600862232132
1.22767648787577 0.00155426824931115
1.23397226473667 0.00213954441260999
1.24026804159757 0.00272170515379599
1.24656381845848 0.00329904183894636
1.25285959531938 0.00386986618929575
1.25915537218028 0.00443251500799668
1.26545114904118 0.0049853548297818
1.27174692590208 0.00552678648061777
1.27804270276298 0.00605524953467895
1.28433847962388 0.00656922665624704
1.29063425648478 0.00706724781443746
1.29693003334569 0.0075478943590146
1.30322581020659 0.00800980294590969
1.30952158706749 0.00845166930149588
1.31581736392839 0.00887225181509033
1.32211314078929 0.009270374949641
1.32840891765019 0.00964493246105003
1.33470469451109 0.00999489041712831
1.341000471372 0.0103192900077117
1.3472962482329 0.0106172501380748
1.3535920250938 0.0108879697983716
1.3598878019547 0.0111307302024507
1.3661835788156 0.011344896690067
1.3724793556765 0.0115299203871511
1.3787751325374 0.0116853396194878
1.38507090939831 0.0118107810758614
1.39136668625921 0.0119059607174195
1.39766246312011 0.011970684430729
1.40395823998101 0.0120048484227346
1.41025401684191 0.0120084393565515
1.41654979370281 0.0119815342277645
1.42284557056371 0.0119242999816445
1.42914134742462 0.0118369928724339
1.43543712428552 0.0117199575665836
1.44173290114642 0.011573625992553
1.44802867800732 0.011398515940527
1.45432445486822 0.0111952294160801
1.46062023172912 0.010964450752571
1.46691600859002 0.0107069444876957
1.47321178545093 0.0104235530103387
1.47950756231183 0.0101151939844871
1.48580333917273 0.00978285755765129
1.49209911603363 0.00942760336180337
1.49839489289453 0.00905055731549276
1.50469066975543 0.00865290823632359
1.51098644661633 0.00823590427355381
1.51728222347723 0.00780084917107438
1.52357800033814 0.00734909837151609
1.52987377719904 0.00688205497270133
1.53616955405994 0.00640116554806136
1.54246533092084 0.00590791584303663
1.54876110778174 0.00540382635984915
1.55505688464264 0.00489044784332426
1.56135266150354 0.00436935668075711
1.56764843836445 0.003842150229038
1.57394421522535 0.00331044208247055
1.58023999208625 0.00277585729489438
1.58653576894715 0.00224002756982733
1.59283154580805 0.00170458643246496
1.59912732266895 0.00117116439741194
1.60542309952985 0.000641384146012447
1.61171887639076 0.000116855727166909
1.61801465325166 -0.000400828204605741
1.62431043011256 -0.000910097100151219
1.63060620697346 -0.00140940716220106
1.63690198383436 -0.00189724591404761
1.64319776069526 -0.00237213667727865
1.64949353755616 -0.00283264294567664
1.65578931441707 -0.00327737264272399
1.66208509127797 -0.00370498225047067
1.66838086813887 -0.00411418079789783
1.67467664499977 -0.00450373369728752
1.68097242186067 -0.00487246641756645
1.68726819872157 -0.00521926798405214
1.69356397558247 -0.00554309429448796
1.69985975244337 -0.00584297124182476
1.70615552930428 -0.00611799763471255
1.71245130616518 -0.00636734790725368
1.71874708302608 -0.00659027461015382
1.72504285988698 -0.00678611067604273
1.73133863674788 -0.00695427145233773
1.73763441360878 -0.00709425649570827
1.74393019046968 -0.00720565112284699
1.75022596733059 -0.00728812771293752
1.75652174419149 -0.00734144675791903
1.76281752105239 -0.00736545765731689
1.76911329791329 -0.00736009925516767
1.77540907477419 -0.00732540011723426
1.78170485163509 -0.00726147854746373
1.78800062849599 -0.00716854234335174
1.7942964053569 -0.00704688829059663
1.8005921822178 -0.00689690139815136
1.8068879590787 -0.0067190538754951
1.8131837359396 -0.00651390385466866
1.8194795128005 -0.00628209386030198
1.8257752896614 -0.00602434903156968
1.8320710665223 -0.00574147510068945
1.83836684338321 -0.00543435613324605
1.84466262024411 -0.00510395203626646
1.85095839710501 -0.00475129584064127
1.85725417396591 -0.00437749076505367
1.86354995082681 -0.00398370706923379
1.86984572768771 -0.00357117870488732
1.87614150454861 -0.00314119977323313
1.88243728140952 -0.00269512079859791
1.88873305827042 -0.00223434482802265
1.89502883513132 -0.00176032336734155
1.90132461199222 -0.00127455216459504
1.90762038885312 -0.000778566852122298
1.91391616571402 -0.000273938459021461
1.92021194257492 0.000237731193931889
1.92650771943583 0.000754814204508181
1.93280349629673 0.00127566139167223
1.93909927315763 0.00179860717767788
1.94539505001853 0.00232197453638616
1.95169082687943 0.00284407999438274
1.95798660374033 0.00336323867129973
1.96428238060123 0.00387776934560446
1.97057815746213 0.0043859995320098
1.97687393432304 0.00488627055660462
1.98316971118394 0.0053769426157434
1.98946548804484 0.00585639980474262
1.99576126490574 0.00632305510246323
2.00205704176664 0.00677535529790507
2.00835281862754 0.00721178584504711
2.01464859548844 0.0076308756322947
2.02094437234935 0.0080312016530365
2.02724014921025 0.00841139356402965
2.03353592607115 0.00877013811852545
2.03983170293205 0.00910618346132885
2.04612747979295 0.00941834327323066
2.05242325665385 0.00970550075259768
2.05871903351475 0.00996661242221619
2.06501481037566 0.0102007117498711
2.07131058723656 0.0104069125715149
2.07760636409746 0.0105844123063178
2.08390214095836 0.0107324949533286
2.09019791781926 0.0108505338599354
2.09649369468016 0.0109379942528226
2.10278947154106 0.0109944355226196
2.10908524840197 0.0110195132539812
2.11538102526287 0.0110129809934043
2.12167680212377 0.010974691747636
2.12797257898467 0.0109045992061528
2.13426835584557 0.0108027586817935
2.14056413270647 0.0106693277642458
2.14685990956737 0.0105045666817613
2.15315568642828 0.0103088383671013
2.15945146328918 0.0100826082244375
2.16574724015008 0.00982644359455964
2.17204301701098 0.00954101291650966
2.17833879387188 0.00922708458443822
2.18463457073278 0.00888552549919164
2.19093034759368 0.0085172993149174
2.19722612445458 0.00812346438167355
2.20352190131549 0.00770517138580162
2.20981767817639 0.00726366069056716
2.21611345503729 0.0068002593803479
2.22240923189819 0.00631637801240026
2.22870500875909 0.00581350708101613
2.23500078561999 0.00529321319965581
2.24129656248089 0.00475713500740449
2.2475923393418 0.00420697880689724
2.2538881162027 0.00364451394160625
2.2601838930636 0.00307156792117969
2.2664796699245 0.00249002130427589
2.2727754467854 0.00190180234910442
2.2790712236463 0.0013088814426564
2.2853670005072 0.000713265320343881
2.29166277736811 0.000116991088526031
2.29795855422901 -0.00047787993688031
2.30425433108991 -0.00106926856175715
2.31055010795081 -0.00165508420048222
2.31684588481171 -0.00223323150262367
2.32314166167261 -0.00280161710359006
2.32943743853351 -0.0033581564825883
2.33573321539442 -0.00390078091051238
2.34202899225532 -0.00442744446985532
2.34832476911622 -0.0049361311280528
2.35462054597712 -0.00542486184514634
2.36091632283802 -0.0058917016960971
2.36721209969892 -0.00633476698752866
2.37350787655982 -0.00675223234824351
2.37980365342072 -0.00714233777235251
2.38609943028163 -0.00750339559348112
2.39239520714253 -0.00783379736810108
2.39869098400343 -0.00813202064572616
2.40498676086433 -0.00839663560338899
2.41128253772523 -0.0086263115215961
2.41757831458613 -0.00881982307870921
2.42387409144703 -0.00897605644060007
2.43016986830794 -0.00909401512229002
2.43646564516884 -0.00917282559824528
2.44276142202974 -0.00921174263803037
2.44905719889064 -0.00921015434406736
2.45535297575154 -0.0091675868684078
2.46164875261244 -0.00908370878560438
2.46794452947334 -0.00895833509905297
2.47424030633425 -0.00879143085848511
2.48053608319515 -0.00858311436673576
2.48683186005605 -0.00833365995434954
2.49312763691695 -0.00804350030116907
2.49942341377785 -0.00771322828466936
2.50571919063875 -0.00734359833551668
2.51201496749965 -0.00693552728160762
2.51831074436056 -0.00649009466272177
2.52460652122146 -0.00600854249886817
2.53090229808236 -0.00549227449643086
2.53719807494326 -0.0049428546773469
2.54349385180416 -0.00436200541772502
2.54978962866506 -0.00375160488361292
2.55608540552596 -0.00311368385296973
2.56238118238687 -0.00245042191434464
2.56867695924777 -0.00176414303428263
2.57497273610867 -0.00105731048708491
2.58126851296957 -0.000332521142229036
2.58756428983047 0.000407500893505164
2.59386006669137 0.00115991128031523
2.60015584355227 0.0019217530952883
2.60645162041317 0.00268996512520392
2.61274739727408 0.00346139079747754
2.61904317413498 0.00423278774238833
2.62533895099588 0.00500083797761797
2.63163472785678 0.00576215870392521
2.63793050471768 0.00651331369857389
2.64422628157858 0.00725082529082932
2.65052205843948 0.00797118690157594
2.65681783530039 0.00867087612674788
2.66311361216129 0.00934636834194891
2.66940938902219 0.009994150803254
2.67570516588309 0.0106107372168505
2.68200094274399 0.0111926827477973
2.68829671960489 0.0117365994358543
2.69459249646579 0.0122391719839902
2.7008882733267 0.0126971738829066
2.7071840501876 0.0131074838326414
2.7134798270485 0.0134671024201107
2.7197756039094 0.0137731690093053
2.7260713807703 0.0140229787987713
2.7323671576312 0.0142139999989827
2.7386629344921 0.0143438910803286
2.74495871135301 0.0144105180405751
2.75125448821391 0.0144119716389684
2.75755026507481 0.0143465845425491
2.76384604193571 0.0142129483287519
2.77014181879661 0.0140099302870501
2.77643759565751 0.0137366899611962
2.78273337251841 0.013392695372582
2.78902914937932 0.0129777388643627
2.79532492624022 0.0124919525052834
2.80162070310112 0.0119358229916415
2.80791647996202 0.0113102059854698
2.81421225682292 0.0106163398268985
2.82050803368382 0.00985585855872173
2.82680381054472 0.00903080420147273
2.83309958740562 0.00814363821779951
2.83939536426653 0.00719725210565419
2.84569114112743 0.0061949770607429
2.85198691798833 0.00514059264986205
2.85828269484923 0.0040383344381188
2.86457847171013 0.00289290051471353
2.87087424857103 0.00170945686378082
2.87717002543193 0.000493641528930777
2.88346580229284 -0.000748432477552019
2.88976157915374 -0.00201017556731037
2.89605735601464 -0.00328452131397444
2.90235313287554 -0.00456392757730081
2.90864890973644 -0.0058403790507616
2.91494468659734 -0.00710539126648152
2.92124046345824 -0.00835001608772126
2.92753624031915 -0.00956484871523841
2.93383201718005 -0.0107400362297621
2.94012779404095 -0.011865287688545
2.94642357090185 -0.0129298857895139
2.95271934776275 -0.0139227001119376
2.95901512462365 -0.0148322019377667
2.96531090148455 -0.015646480652896
2.97160667834546 -0.0163532617225934
2.97790245520636 -0.0169399262301976
2.98419823206726 -0.017393531962976
2.99049400892816 -0.017700836023734
2.99678978578906 -0.0178483189414093
3.00308556264996 -0.0178222102484997
3.00938133951086 -0.0176085154877612
3.01567711637177 -0.0171930446051823
3.02197289323267 -0.016561441680866
3.02826867009357 -0.0156992159440813
3.03456444695447 -0.0145917740134513
3.04086022381537 -0.0132244532980279
3.04715600067627 -0.0115825564898956
3.05345177753717 -0.00965138707393583
3.05974755439808 -0.00741628577555692
3.06604333125898 -0.00486266786249477
3.07233910811988 -0.00197606121229167
3.07863488498078 0.00125785494722677
3.08493066184168 0.00485321072123419
3.09122643870258 0.00882390575550999
3.09752221556348 0.0131835690725137
3.10381799242439 0.0179455186433297
3.11011376928529 0.0231227208058631
3.11640954614619 0.028727749642338
3.12270532300709 0.034772746431451
3.12900109986799 0.0412693792925404
3.13529687672889 0.0482288031407131
3.14159265358979 0.0556616200731533
