0.3 -0.186589570617599
0.6 -0.264957496163653
0.9 -0.269137757184179
1.2 -0.224873664040939
1.5 -0.151376363151487
1.8 -0.06274167502046
2.1 0.0309122452151597
2.4 0.122534839026504
2.7 0.207418218711417
3 0.282622420353505
3.3 0.346522189682138
3.6 0.398451759815398
3.9 0.438428431491516
4.2 0.466939232135132
4.5 0.484777902019143
4.8 0.492921809080397
5.1 0.492440392271939
5.4 0.484428342611253
5.7 0.46995804198105
6 0.450046893956377
6.3 0.425636014063558
6.6 0.397577524503077
6.9 0.366628213200384
7.2 0.333447853702617
7.5 0.298600801686768
7.8 0.262559836219291
8.1 0.225711425414677
8.4 0.188361803222349
8.7 0.150743402312819
9 0.113021286838763
9.3 0.0752993574329438
9.6 0.0376261313435974
