0.3 0.436908468957475
0.6 0.65014649796516
0.9 0.725593192688932
1.2 0.719817785066575
1.5 0.669457656183468
1.8 0.59771578583274
2.1 0.518837848057622
2.4 0.441177526029841
2.7 0.369279468378033
3 0.305281935691496
3.3 0.249850950969292
3.6 0.202793880952899
3.9 0.163455370606267
4.2 0.130966825177365
4.5 0.104398498909791
4.8 0.0828476790893963
5.1 0.0654857296420368
5.4 0.0515792637714742
5.7 0.0404956161868019
6 0.0316992484717371
6.3 0.0247433728944464
6.6 0.0192594736063488
6.9 0.0149463252045237
7.2 0.0115594634949354
7.5 0.00890155282495504
7.8 0.00681388723317651
8.1 0.00516901427805908
8.4 0.00386446525718237
8.7 0.00281741383653692
9 0.00196017666391838
9.3 0.00123635026654192
9.6 0.00059746980295571
